1.857628395959572520e+00 5.098576320890869651e-01 1.388780868792033107e+00 5.690750340853892864e-01 1.080056346204145146e-01 3.977811672455063841e-01 2.480376797762716412e-01 2.064434663328490460e-01 1.136538260111890075e+00 1.257688663659949579e+00
3.607644308579218251e+00 2.020337803050988867e-01 8.011958236075219508e-01 6.319095909802773248e-01 7.369309434193299646e-01 1.716031689891109657e+00 8.542840575385782786e-01 1.695291847014569406e-02 4.058373650213897288e-01 1.363566130268882182e+00
1.151963082429155349e+00 2.203098965028520151e-02 4.956252944952349582e-01 3.475885227834360602e+00 2.104130824795851673e+00 4.692173726860194294e-01 8.814739146468469899e-01 5.095881943588476126e-01 1.265906205456181377e+00 7.596286029427912201e-02
3.078471013643617193e-01 1.035358155047652939e+00 6.331522799813961433e-02 2.582257401810066355e+00 1.249440064196207789e+00 4.093922579402646811e-01 2.421806745114748194e-01 2.092337613048981027e+00 1.020502838305288540e+00 3.391468350213695526e+00
1.247402112675096486e+00 1.575469167239359758e-01 1.703396434434298889e+00 3.490456749230952394e-01 1.597763840969874227e+00 2.787746588097861911e-01 1.285115200727958484e+00 3.997197114064863666e+00 6.035208389880574592e-02 4.784261984105304261e-02
8.746057318218398990e-02 5.743880783309902593e-01 3.674645919788944504e+00 1.679372916166906038e-01 5.011823013847667152e-01 1.527927776600810805e+00 3.607408089361918146e-01 1.110859142694195500e-01 4.422305987774239888e-01 1.906357764416599931e-01
6.297393931906652975e-02 1.509569087317315317e+00 1.898317217675942414e+00 2.702971865536213381e-01 9.597615204623012319e-01 1.400618572097526715e-01 4.172290443578067776e-01 9.697250483480034378e-01 2.094044129733104942e+00 7.646315793264876204e-01
4.342338127965492123e-01 4.315920294508712729e-01 9.284847757922681799e-01 2.815082543677739135e+00 8.709453619782524525e-01 1.483246469476521501e+00 1.111320522864058136e+00 7.021035571041971124e-02 4.234432971299147752e+00 3.437560188060178046e-01
1.723668473380143951e+00 6.878373214182308404e-01 7.828484046233392668e-01 1.029103878981911135e+00 1.010869257251105546e+00 3.739236577111840210e-01 1.104134027492807979e+00 1.268025401129843743e+00 2.191619401701909164e-01 5.595964976082591358e-01
1.226785908308464013e+00 2.291616702424032148e+00 1.025373725838669037e+00 1.193902902911556874e+00 1.665097845818211741e+00 6.252776259843305651e-01 5.471496133365225667e-01 9.808067260657701292e-01 5.665766253866268976e-01 3.408452862914892467e+00
1.502075166686293872e-01 1.801173759209873992e+00 6.424121674962980366e-01 1.324979180046727656e+00 1.970167013120274868e+00 1.893835617172799912e+00 5.402407719366888461e-01 7.341597078160790046e-02 3.083401021562073296e+00 9.185162421318244785e-01
8.526155875466311374e-01 2.762359725185084547e-01 2.485264885625448006e+00 9.987038149245363039e-01 1.603470939965969677e-01 1.229602372020988099e-01 9.540232768591531132e-01 2.432500317740076579e+00 5.654528367667994715e-01 3.988257668878368301e-01
4.156529500352742351e-02 1.017635327070280482e+00 1.173156914739096335e+00 1.237333524302529852e+00 3.681089243736054284e-01 8.950457938038581807e-01 3.684320682143785497e+00 2.553509923554154182e-01 1.215965015585723119e+00 1.225737734530639722e+00
8.652245897785337814e-02 1.479891995640820079e+00 5.951708500371404309e-01 9.624458503520564312e-01 1.018043422563082445e-01 3.124119101668208831e+00 1.188730707750087490e+00 3.488884228643472918e-01 3.181706416709645813e-03 7.662271256587341317e-02
7.273436959863374129e-01 4.193113151956128770e-01 1.271334460660240140e+00 1.912631590302218632e+00 1.113870457485972021e-01 7.022769422178436194e-02 2.633303196710869098e+00 2.199540903773732570e+00 2.552477910824696994e-01 5.708118901973386894e-01
2.992275456178725146e-01 7.336662477753648215e-01 1.451479088812196672e+00 5.971708930776058466e-01 1.477942591343105017e+00 6.729005748460612502e-01 7.403949040923409886e-01 1.155635289951736810e+00 3.913398291596572459e-02 1.097408797992970031e-01
1.682901313211665251e+00 2.484604528002968049e+00 6.956065186336007899e-01 1.087385738289029513e+00 6.567933770057743370e-01 6.615386252454801275e-01 9.725520313168247721e-01 2.206317974749198441e-01 1.064307964382406047e+00 2.364469301271261426e+00
2.080678213271114796e+00 3.645338081314399847e-01 2.725805986189059893e-01 1.113821753395818348e+00 2.748898710204736862e-01 5.552120742030689504e-01 1.216834141559068216e+00 1.489676670925824897e+00 3.222239098620209297e-01 1.487862446020210908e-02
1.013154481245444272e+00 1.274991000737967672e+00 1.145993934104823087e+00 3.129096487547229632e-02 1.628364786907581796e-01 7.988934277155275154e-01 5.043854537198240173e-01 6.589130228171645107e-03 8.328327183133499290e-01 2.154427331780166543e+00
1.730247702953767730e+00 3.173256980832648289e-01 2.533548767687116010e-01 1.712931015798581535e+00 4.318896903376568536e-02 5.289464038379759758e-02 1.008603352916044027e-01 1.857415112147043079e-01 1.736101887138964406e+00 4.059685574815101172e-01
3.746543110686254008e-01 1.071547135625085190e+00 3.145065704278692253e-01 8.439732235194218335e-01 8.301416818095422867e-01 2.673850252261588789e+00 3.765393808717353852e-01 6.935714222130806572e-01 4.953676258238950969e-01 1.227942805180820773e+00
1.772089020378644797e+00 3.089934543472347528e+00 1.659803060759407867e+00 1.014507744828853752e+00 1.038776965326283941e+00 1.282096093860894959e+00 2.899737341949042424e-01 4.060891139076237000e-01 5.428052824538807108e-01 5.738941573723050915e-01
7.355379301944359183e-01 7.326632034368878443e-01 4.408831689290185901e-02 7.066690879728316776e-01 1.832536113784390297e+00 1.009971945727011100e+00 3.886589519519288993e-01 9.129580708061536543e-01 1.024686306985418183e+00 1.572055451104876767e+00
3.546308074114123410e-01 1.297857050902214149e-01 6.673556736001045042e-01 2.934743417826898848e-01 1.232570812085687306e+00 2.788268644788032824e-01 1.877271164716721952e+00 2.317792151102233245e+00 1.620741035174898315e+00 7.091428696382934271e-02
7.105042906044026219e-02 3.229585971102531539e-01 7.911577172413120085e-01 3.045761713770875900e+00 6.426571394230142786e-01 3.284495725816817813e-01 6.090400406397946664e-01 1.411015926531863363e+00 2.845209010756929668e+00 5.790063819455387728e-01
9.064390194150616642e-01 5.770868665913037043e-01 2.024760257199854085e-01 3.340786881934914021e-01 2.074712046102041296e-01 8.283667982072280278e-01 1.047756925063180633e+00 1.206616697902100688e+00 2.890334548936397963e-01 4.038937941850231916e-01
2.090981319405191968e-02 2.066331216173420970e-01 8.528192277957722389e-01 3.315188148533696033e+00 3.966343823329516322e-02 2.775780302225633878e-01 1.097102840769291543e+00 1.646648008507516137e+00 3.068746823417380920e-01 1.573671304687864203e-01
3.278227452241130879e-01 1.062021622191534377e-02 9.150312500265256332e-01 1.547464618664964098e+00 7.834080271394556760e+00 2.391284178920551895e+00 7.653862327710265756e-01 6.915691657737002007e-01 6.959094222044251987e-01 3.029534806410036363e-01
1.651329705069877474e-01 4.739388328386011096e-01 9.878637405428613016e-01 1.537046181174047954e-01 2.276754961719497650e-01 1.274289624747772853e+00 1.210275262697623866e+00 5.759991858949261578e-01 6.072969236293292994e-01 8.488939419037659917e-01
2.843930767227214051e-01 2.222158883963099463e+00 1.309382503598704561e+00 3.449001752365277174e-01 8.454167038024490433e-01 4.074221821007533717e-01 1.894956145002365755e+00 7.040623922257497336e-01 8.378517684494459772e-01 1.385847680328221310e-01
4.239711404887921975e-01 8.711250579451242926e-01 5.522057995850869760e-01 5.212651940762291769e-01 1.512142782707839306e+00 9.559725020294237430e-01 2.001434944473524435e+00 2.395163881695879127e+00 2.885744122288200209e-01 1.695084569217376824e+00
2.393171801151006139e+00 5.498779965238711487e-01 1.186245467887079019e-01 9.196028178846832324e-01 1.551367515588325752e+00 4.683593185824118377e-02 1.351379349953180375e-01 2.324739304347049063e-01 1.576037511632847332e+00 1.214189017653025227e+00
3.014426674134975670e-01 4.661662174657876800e-01 1.003950403035761108e+00 4.345181755881609709e-01 2.942706194442232248e-01 1.964419221717008668e-01 1.538267536661245494e+00 2.371830941435491003e+00 5.434013190769252377e-01 6.001386312280319046e+00
3.834859043898409259e-01 1.838125805098404619e+00 2.501474262972542828e+00 9.087050700096206413e-01 1.115762494852375220e+00 2.880194431028127333e+00 1.257432985522997759e+00 4.624966687038987168e+00 1.079395610523021798e+00 1.884967232547171356e+00
4.626313034905980559e-01 2.349414992429741389e+00 1.817119496051845307e+00 1.223068762435419288e+00 2.935761784698236898e+00 2.672477664104379591e-01 1.077943306534209666e+00 1.757788203448994724e-01 2.634629899219117277e+00 2.480370710093356301e+00
2.184313308032058698e-01 8.836648930196885354e-01 1.117800510157652250e+00 1.068138669499932025e-01 4.002506307587820333e-01 6.608039760342231395e-01 1.008034172108024151e+00 3.953899867945950830e-01 2.817604008310118924e-01 1.035619838187720410e+00
6.629692414773924458e-01 8.206417431295544018e-01 1.324202349254953504e+00 1.422429769979581815e+00 3.949684578512878408e-02 6.167113277489334466e-01 5.556825454443625745e-01 8.391381065903881498e-02 8.235161424459825907e-01 4.890548071180025880e-01
4.674681178960328198e-01 2.413804705817063079e-01 2.026886442434878421e-01 1.505356164790316642e+00 1.956481937170370999e+00 6.803482884000496833e-01 7.383628965789286180e-01 8.774712658405607879e-01 1.961076365295251200e-01 4.821152019007056144e-01
4.494016563903456607e+00 1.944185605802180916e+00 1.213821917427525987e+00 2.995070386466929246e-01 5.204357848455024582e-01 8.203715136347412840e-02 5.779630029682507608e-01 8.773980733131190313e-01 1.582299384763660832e+00 2.771257169518733798e-01
4.301299358646670234e-01 4.905760431649613951e-02 7.462128296072557676e-01 1.248367909597302594e+00 5.176932939169495151e-01 6.344648458134283242e-02 1.434291329340226184e+00 1.494153338729597436e-01 1.672141914219770875e+00 5.898734342293163735e-01
4.866938100028160297e-01 8.592349590588821417e-01 2.214208635688952764e+00 3.471103215064229586e-01 1.305352496552289798e+00 9.922397382769478080e-02 2.200457856426682124e+00 3.297617573845931793e-02 6.647409200254623673e-01 1.172691361923038911e-01
7.571519003727842367e-01 4.161157385209209858e-01 2.330179723962364058e+00 1.620133131293635564e+00 9.227701333868943978e-01 6.228517496880572324e-01 6.068163888209755497e-01 3.455315933337528844e-01 3.802833819781815117e-01 2.442978065709646984e-01
1.798255224605637581e+00 3.113711815809716132e-03 5.551523034296131920e-01 1.000183202141746441e-01 9.324160930415941184e-01 3.688158431025443523e-02 1.697156343060152173e+00 7.603226240152892446e-02 1.496523571130244257e+00 1.135931984574610754e-01
1.666086615168618890e+00 2.764669532796327212e-01 5.627345690740935824e-01 1.334324951129726600e+00 3.142768586339990677e-01 2.127420994343041105e-01 4.108972826998434635e-02 3.843333203045752100e+00 5.932189011254397348e-01 9.698482587840456803e-02
8.667314615152277302e-01 3.544852513618013123e-01 3.223291096600855998e-01 1.481392459426736030e+00 3.192796928096011677e-01 1.178216620735113240e+00 1.347386888221555612e-01 2.747614381684957419e+00 2.093771125558122836e+00 1.825015707649760621e+00
4.751305009684163583e-01 1.037129454918712446e+00 9.562590714187597929e-02 5.544176242175505864e-01 4.220713637665675089e-01 1.108399486066931339e-01 5.005806407987688500e-01 1.568936733465562172e+00 6.568452958211770110e-01 6.785106127729663150e-01
2.547339212767158578e+00 2.486350301192433165e-01 8.486964013893126824e-01 7.813724779251963737e-01 1.556180402627641124e+00 1.018897626127307054e+00 3.904462917030886160e-02 7.908039570956856279e-01 2.324332817857691413e+00 2.076357917561325372e+00
1.762452164502239516e-01 7.481517715195935558e-01 1.715035848341705735e-02 1.035766829291316471e+00 6.942222872813850199e-01 8.318691469949431039e-02 3.780324433353114078e+00 2.762417412677226292e+00 3.033722113364575312e-01 6.762187104863169873e-01
1.020946106890740640e-01 8.481291413149595337e-01 3.750794865272446543e-01 1.007222067264401888e+00 1.710852375243841594e+00 1.943175462665109043e-01 6.726680747567055363e-01 1.144253854957167471e+00 1.973189959867511015e-02 3.466205573071264645e+00
1.029369438458573649e+00 8.179066474401421871e-01 8.872895102864669648e-01 6.982755659507779988e-01 6.007689251133764285e-01 6.795226100568554362e-01 1.120006815130020872e+00 7.136874662279926618e+00 4.898134143711730948e-01 1.875440098194878891e+00
2.426686043865708076e+00 9.290781497850247872e-01 1.565032540416797305e-02 5.337279061528442670e-01 6.273425773005750772e-01 3.240489545933320642e-02 5.085606890412948111e-01 5.498187966610204036e-01 7.894933411283373559e-01 2.851412834272470498e+00
6.490686024724458270e-02 7.089648080695446497e-01 1.231233899070359517e+00 2.103668744492519782e-01 3.401656533707064778e-02 7.257716985414681687e-01 1.778033252133905062e+00 8.454106164435321036e-01 1.383352381796504993e+00 6.914398757115020056e-01
8.933862738129692005e-01 8.793758324543400617e-02 3.381809398999413019e-01 3.361035946508742711e+00 4.936398700319792887e-01 1.882352909935274821e-01 1.216701249818362557e-01 5.850322072561649378e+00 1.240682980372686955e-01 1.399784308271020628e+00
1.095113774314735888e+00 2.441428024535647445e+00 5.314039221740949337e-01 4.060990446308008761e-01 4.986129736271741053e-01 3.290972804720888045e-01 6.256894166623080400e-01 9.392470591082113796e-01 1.125379035882915879e+00 1.345566551607762507e-01
1.153678041800890064e+00 1.694792032232451950e-01 4.808668537367802864e-01 1.480430671698875988e+00 2.830962154643549833e-01 1.990079902816167534e-01 4.035378802198858611e-02 2.747384767986363330e-01 1.678780319120245279e+00 2.351972975888370065e-01
1.155186018766412914e+00 6.399528136207498219e-02 5.042407442667663497e-01 5.530240603301780355e-01 2.335688111402522971e+00 3.059789838860200173e-01 2.588125467743465635e-01 8.389744136373386008e-01 4.793423484145447611e-01 9.500764188345044436e-01
3.342782008139698058e-01 3.897153733343195481e-01 9.690332945214342741e-01 1.001302007922977744e+00 9.491467575588374839e-01 1.342120935185277947e-02 8.401932776794127089e-02 3.174624753155768531e+00 5.043574629229625739e-01 1.017013830470752778e+00
1.682116438377003476e-01 2.210023216191666862e+00 9.554414152039037988e-01 1.827268294484140909e-01 3.211242269196178167e+00 8.925184289322211084e-01 3.125906584353861373e+00 4.479744065240621742e-01 1.241390076493694844e-01 1.672849353000623651e+00
4.225209100715492105e-02 2.327285706461480197e-01 1.232916195435048934e+00 6.209401591050108804e-01 6.405072973824429416e-01 8.321264603860109577e-02 5.068681475400123038e-01 1.326926228939980801e+00 6.977897740138317983e-01 6.818990126019559561e-01
2.222947514014431483e-02 3.225375106332357689e-01 3.054490673211184282e-01 1.254539109606307434e+00 2.128413979254835664e-01 4.004356360866082376e+00 1.079814541892730961e+00 1.367282591863672625e+00 2.034619480014996817e+00 2.524250819668323764e+00
1.245093886106026115e+00 1.037496805820489421e+00 2.819024106111792438e+00 5.328900017898458713e-02 5.622685022395185861e+00 3.312437973535904412e-01 4.778382642028660698e-01 2.033918530099688482e+00 3.241426516941781633e-01 3.629550698987287771e-01
1.204616534746163703e+00 1.065498291026629962e+00 1.859371030992063467e+00 2.382220501477358088e+00 3.425269275199901653e+00 3.124405838915384481e-01 9.751631559749492917e-01 2.878490619260146488e+00 8.063250870101887902e-01 2.164084715511043200e+00
4.267507248641121409e-01 4.958646002537917680e-02 8.641209940467523554e-01 2.129544127088767447e-01 3.613578238414976718e-01 1.710048964686701201e+00 1.068360755376915466e-01 7.202224651716064852e-01 4.975348865349862870e-01 8.663498638767137827e-02
2.707426310224074918e-03 1.980777722337522251e-01 4.734192838161350281e+00 2.801764070427467668e-01 1.399238656329226428e-02 5.086419165135297460e-01 2.267593247238177678e+00 1.552954978536670083e+00 1.766699120450992422e-01 3.278739170257040092e-01
8.360291998394157043e-01 5.179138251131607529e-01 2.839234091840058261e-01 5.196614830514749706e-01 1.799362305522630295e-02 1.046848218038494371e+00 1.366256122524568406e+00 2.763884606065091454e+00 2.903408904729863349e-01 2.832090961923636740e-01
2.800366444757272699e+00 3.613714478640254191e-01 5.873273940500790546e-01 1.804549566391376036e-01 6.236272076992662727e-01 3.784149541118475568e-01 1.236137797557776002e-01 2.865197248641391248e-01 1.491455089684808666e+00 1.109751123273216900e+00
7.973785018711889716e-01 1.684717946417660650e-01 1.444295039207048825e+00 1.046891956537158164e+00 6.553292443962843716e-01 2.223306571251502550e+00 4.900474040173556922e-01 9.014392825858661418e-01 7.606533025328972297e-02 1.006726605088686943e+00
4.648267997607590796e-01 1.656145099808202348e+00 8.534665286417260077e-01 1.480454539701094197e+00 1.083981201935683147e+00 2.338607415698305658e+00 1.065581238780106910e+00 3.831862061372511008e-02 3.348864885614583731e+00 3.795448077734226572e-02
8.162301648238207141e-01 7.314881998601433510e-01 2.101968316528252334e+00 1.605166704872636185e-01 5.662296772210114737e-01 3.686253322617736861e-01 9.518742485786526597e-01 7.169901776173078778e-01 4.656199416588552992e-02 2.369317395158612616e+00
1.529068494512512366e+00 1.378599706104339795e+00 5.029975629068251797e-01 6.390960037381659964e-01 8.629820887197930945e-01 1.587470626960615139e+00 1.028047381136404592e+00 1.342153043560503134e+00 5.602788045805091599e-01 8.507159138462165870e-01
1.136800175399643065e+00 2.211232330142478997e+00 2.870097335939669203e-01 1.196436448708513289e+00 3.214271264807704309e-01 6.599515758125397147e-01 2.907794597589846708e-01 8.321529228365893704e-01 3.168474009165803129e-01 1.756398200553191513e+00
1.518666865246774966e-01 4.293871838830494170e-01 3.495113861211118222e-01 2.500236316591585850e-01 1.491325048201860015e-01 1.066526109488750707e-01 3.375078582799391214e-01 7.485074997477981773e-01 2.636087560546833131e-01 6.386955304539612133e-01
1.265823720932156560e-01 2.171192241314739757e+00 1.558916144854479935e+00 3.458217847022361902e+00 2.365266635838505938e+00 1.857965710784834357e-01 2.848477194717589089e-01 4.018062865852846666e-01 1.789208225441197841e+00 6.034802846318459979e-02
1.486363097561898272e-01 1.227367886359480131e+00 2.893441004186924626e-01 1.504788616148410529e+00 1.558096486545162696e-01 4.124116908128964698e-01 3.611223566765577875e-01 6.444398017566934644e-01 2.002945701566435088e-01 1.428487605281336004e+00
9.361031340393596301e-01 1.251811670777907670e+00 1.433619552314319423e-01 1.145115958155258573e+00 1.906571697998029613e+00 1.096652306128031773e+00 4.148606687589840192e+00 7.685925490416255501e-01 8.623402293570529009e-01 8.698421636485199615e-01
6.307415806670159109e-01 8.111423327545279616e-01 2.401703193037049822e+00 4.735056772929492341e-01 8.201157467025244063e-01 2.160057640078830998e-01 1.583893170785868332e-01 3.862167744813934100e-01 3.159623867122325347e-01 2.332157486427714477e-01
2.808610458757925699e+00 6.064199802580066967e-01 2.424630097261407449e-02 2.992522482542071538e-01 1.537846708565954845e+00 3.480601212523288246e-01 1.587835651754568311e-01 9.253241217514063255e-02 2.832469416968129483e+00 2.062449121184092571e-01
4.361475737269355779e-01 8.558027191922751298e-01 2.545830295220869566e+00 5.834456976234490000e-01 2.771881989966618054e+00 2.057689214859631299e+00 3.859095642691279249e-01 6.116930716698476544e-01 9.493507966598746517e-01 2.187991195648717024e+00
3.643997331458992406e-01 3.092684242145805618e-01 1.478244466540058699e+00 1.013531345686432772e+00 2.229845317290210516e-01 6.609167470235045583e-01 7.416410977040364116e-01 1.538591595838990633e+00 4.365646333790438760e+00 9.761377445317259705e-02
1.278370672150037635e+00 5.317841266629853791e+00 2.225772542771131124e-01 1.232633989714921219e+00 8.953402364690525583e-02 6.211108125739068786e-01 1.266503788150648235e+00 8.703169462912322156e-04 1.024426649603505268e+00 9.112549389474624562e-01
3.872023443351545469e-01 2.346625582425116985e+00 3.003256511710386878e+00 1.904119867974637670e-01 1.999333625597742747e+00 6.280344820931708094e-01 3.387845425050864945e-01 2.335223380361668988e-01 7.548876800375994289e-01 6.177436102893848480e-01
4.427463184785106476e-01 5.780883089848658507e-01 6.208513819680686607e-01 4.728397680848485385e-02 3.631549812585335157e-01 1.801759094689229901e+00 5.777549409983142592e-01 2.471262992506204181e+00 1.050580802882280507e+00 4.343823197323520846e-01
5.895517548293884857e-01 1.226795166743366167e-01 2.797405875139036269e-01 1.589504113989297585e+00 5.085852394680043069e-03 2.330699276815397791e+00 9.284310593399534017e-01 1.225185458414582707e+00 9.766800404959656567e-02 2.428633982033013172e+00
5.151875989929788346e-01 1.994514304183730102e+00 2.738286459246372928e-01 1.586789060753503122e+00 8.712849553868148300e-01 1.126876394680219329e-01 7.447390069023139825e-01 2.543357796441026997e-01 7.346231258736284353e-01 9.766920691932933218e-01
4.956410819061717321e-01 9.526557052535847836e-01 6.991299380019287968e-01 1.864397823707453883e+00 2.802042613217689659e+00 6.547157661295165409e-01 7.502515897987946936e-01 1.159230860546111297e-01 1.527636874237562892e-01 9.024814927716431345e-01
5.642526906285708632e-01 9.766936868338642608e-01 3.890839506489056188e+00 9.650668829753108469e-01 2.848950111402961394e+00 1.511545207122106493e+00 9.243089263531959476e-01 1.305273684770536513e-01 3.012124523595904435e+00 1.849721417047675842e-01
1.572239116226573641e+00 1.245037065642619289e+00 1.679430876212399115e-01 1.843245041783445393e+00 2.007599467033248097e-01 1.929446987212956044e+00 1.079067077413503162e+00 1.407316358615740892e+00 2.902826086235916314e+00 1.047289048228082553e+00
1.938989975871240057e-01 1.341586573483692924e+00 3.253636729351898627e+00 9.776361038990968311e-01 4.151121614172933461e-01 7.862414615881793689e-02 4.448223607089328846e-01 1.274032479350521163e-01 1.901890527149601232e-02 4.066122632917632096e+00
2.666728706796559933e+00 9.588697005561762632e-01 8.406331949143116544e-01 1.001586410346227529e+00 1.347826221596300833e+00 2.377477270842327961e+00 8.770674273334051751e-02 1.993609050657355830e+00 3.819766927765205211e-01 8.927725660664997953e-01
1.960619174274215837e+00 8.985818670998391156e-01 7.739306955477898153e-01 1.134786927330827977e+00 7.081875972198485580e-02 7.839195610078648624e-01 3.781404904302702041e-01 9.838862722949538453e-01 1.667955171008453696e+00 1.708034017520770664e+00
2.205972378092137254e-02 1.621829128031052836e+00 2.079190287198322967e-02 1.407975814922550306e+00 1.219343991511697214e-02 8.060216816126148931e-01 1.214915245171909630e+00 1.818060301539639712e+00 2.762821215082857940e+00 6.012069152305911102e-01
1.154685472173308414e+00 1.100927686825316609e+00 2.646866832706165074e-01 1.241569196057892288e+00 1.419962302813251309e+00 4.182512588286304428e-02 2.972758300588430047e-01 6.108089555291520867e+00 5.802354198328775192e-01 2.203914436000969257e+00
4.837924499011183044e-01 1.666804312397196508e+00 5.781976240604047579e-01 7.220472036148589678e-01 2.103720818597202058e+00 3.452403271021643238e+00 4.426449086985195236e-01 4.970822884103943684e-01 1.252278676444131378e+00 1.092106390052015152e+00
6.791072333935130878e-01 3.310229618269988627e-01 2.374769843893088928e-01 1.134798374218564554e+00 7.231121670269796686e-01 6.441402733520665835e-01 1.115477305160166965e+00 4.752360025750487771e-01 1.682843938315679855e-02 5.164958530425746153e-01
1.950653767111036607e-01 4.400854997176889549e-01 1.756401326968050070e+00 1.073130324957803250e+00 2.332580096009386317e+00 9.606243706671913074e-01 1.150571236617687676e+00 2.909802151016215865e-01 1.210694856114900020e+00 1.221318543160104242e-01
7.711179969920111121e-01 7.425547310166425996e-01 2.547169737368476516e-01 6.318022546276413909e-01 1.406702771197863022e-01 1.248617248049778805e+00 2.855283296186025277e-01 5.149490642247029903e-01 5.504237243693309301e-02 5.946859267273845173e-01
2.544410542039861611e-01 1.275029376668909351e-02 7.559129383817920766e-01 3.637819210490685906e-01 6.456379900998094890e-01 1.590441246498534467e+00 1.772028137849810836e+00 4.478352661754780861e-01 7.027959159954356994e-02 5.086154162487231956e-01
9.766102161716080365e-01 7.357310475615371770e-01 6.232669648307116450e-01 5.415823887331079334e-01 2.400206048473451759e+00 4.071511845373586569e-01 6.373740017909662603e-01 1.115623168518261377e+00 5.422303152226553014e-01 2.965203001072022615e-01
2.083220730581963054e-01 8.481197052814303250e-01 6.544367070563194000e-01 3.189195731098674047e-01 1.188749603143718803e+00 5.208168920118114720e-01 8.749766059750891944e-01 1.452768385411975949e+00 2.500080794596337141e-01 5.160911830607340933e-01
1.243948117356350025e+00 2.684061445961798409e+00 6.925919198663472720e-01 9.772072427374165482e-01 2.514492004686488258e-01 3.105461923841326688e-01 2.989997747493019498e-01 5.408192304457144495e-01 2.823973006035507272e-01 1.047806539253752334e+00
