1.483503149401360632e+00 1.300853037744812424e+00 8.733443974466828519e-02 4.740933528970288080e-01 3.478057183180677248e-01 5.393543281586274385e-02 6.708360165913780371e-01 1.142916600810299999e+00 1.000788484163490089e-01 1.448317685774255514e-01
1.346569592499910151e+00 1.551037139125809733e-03 4.140367026062532485e-01 1.179535695935984618e+00 6.049908930163229170e-01 9.510298117261658524e-01 1.373044670717527893e+00 7.349541268290207263e-01 4.842835101840953449e+00 3.191594455106388395e+00
1.378137509528752691e+00 4.595947268807428210e-01 9.804878859848134010e-01 5.674671758139107069e-01 1.245900538943462532e+00 9.547583688320032680e-01 5.435358734495964184e-01 1.010015259741216115e-01 2.487016456079276683e+00 2.703041176273968116e-01
6.108231949384185927e-02 3.980639248634884608e-01 2.078475387614983905e-01 3.754116052077378085e-01 1.165651807662453354e-01 1.729144105727146608e+00 1.789221502130271313e+00 3.429770242763638399e-01 1.236318159206045292e-01 1.302763895754163181e+00
3.771282804720345050e-01 2.989313409634792307e-01 8.025047096167722271e-01 6.996835190678214467e-01 2.002666674410737535e+00 5.505727586733846074e-02 1.942876263584450425e-01 2.642804081375924041e-01 9.204983402514451685e-01 1.077140386944059891e+00
7.579946600334528384e-01 2.764982971840954096e-01 5.677061746929661784e-02 6.583344152336267907e-01 8.930944362177363205e-01 1.336167604088058569e+00 1.161261317374037150e+00 3.116117473802506796e-02 2.307875897275764920e+00 2.139951052421104283e+00
1.212079629619950416e-01 2.076309353783754474e+00 1.484206335598510895e+00 1.524214827151352480e+00 4.354047393251535558e-01 2.027295631137497889e+00 1.404340289873767578e+00 8.347336473072225482e-01 9.317384393356036021e-02 1.375532634712744562e+00
1.041061246468671264e+00 1.492143666259165835e+00 2.089426212995430104e-02 7.922984361334364442e-03 5.632388621208838098e-01 1.444679244106221450e-01 1.698646684272211216e+00 7.196658143135851171e-01 2.085293490305445196e+00 1.371522615841194448e-01
5.513199146829904640e-01 1.621338094975634414e+00 2.852201791410922116e-01 4.581986112147619639e-01 4.699008512444723118e-02 5.010492560602672896e-01 3.137285486410894553e-01 2.423393086505740257e+00 1.882073105733909069e-01 4.762447688604322105e-01
8.611216202629190866e-03 1.308247662216872387e+00 3.362792754762908398e+00 8.907014858215323017e-02 5.364150618668214188e-01 7.682192153189271178e-01 1.865996178048172416e+00 8.198634582650587976e-01 7.547100029694341350e-01 7.090476946373899247e-01
2.520105437156166528e-01 1.055890777484110643e+00 1.155856688635466117e-01 1.067371499352610664e+00 8.265808442660277366e-01 1.777706620048826958e+00 1.422547521629340672e-01 1.097423058095653214e+00 5.095911226359419732e-01 1.952679301228311959e-01
4.978592273536812662e+00 5.699679619425928045e-01 3.004702716609274904e-01 7.362986920049985340e-02 1.769397296537608355e+00 6.839951381578005529e-01 4.683472362991414339e-02 6.645603657186691104e-02 1.326791985732448664e-01 6.117071193011240915e-01
2.678120046066252979e-01 5.231230877479746688e-01 5.968500213591494408e-01 2.004176236700240032e+00 1.504646645957773421e+00 1.042934901264680470e+00 4.892964428261348253e-01 1.233095133129195942e+00 2.760653289958754364e-01 1.741027082027026607e+00
1.608355223505688880e-01 1.589943472321753370e+00 4.219258181656437845e-01 3.493895116501740006e+00 1.294971106093184998e+00 1.131331370385653817e-01 1.976538377788177758e+00 8.265147500446721196e-01 1.120100178891855869e+00 1.020433109350619372e+00
1.438533570240201898e-01 1.101554692427878304e-02 5.079224716356289110e-02 1.813144448886577331e+00 6.458848885969441511e-01 1.017663166208143899e+00 1.216817653013794187e+00 1.528439870770064379e+00 5.955597170991893119e-01 1.722690587666769524e+00
1.400090223436127046e-01 6.921939110842265208e+00 1.347676151199604266e+00 4.331355228049664774e-01 2.519394186844268191e-01 1.912615231235999635e+00 2.153242093118876710e+00 9.096831105050723343e-01 2.757239307861942407e-02 5.871399269549028022e-01
1.666091570614754769e+00 8.568313174397599319e-01 1.243868967885868315e+00 8.014849241814673286e-01 4.084799802621390086e+00 2.395883721404086675e+00 1.199285656275434278e-02 1.411780647936035707e-02 3.646521634699751990e-01 8.041037249481590432e-02
1.428745536990320975e-01 2.088570307495270784e-01 2.642983428470585539e-01 7.039366312381268864e-01 6.908518486976444883e-01 7.412533900421865996e-01 2.828243427836795582e-02 2.416960021767833866e-01 7.423945475054820609e-01 2.909104184850386243e-01
8.010874142789623509e-01 1.573382746401942589e-01 9.717538150706953592e-01 1.897554639716158897e+00 2.414873897947536374e+00 2.270351640151652362e+00 1.888432010018037177e+00 5.007140198188995139e-01 5.230891634792824707e-01 1.539848203755224132e+00
2.238402944435218256e+00 1.571984472555542967e+00 3.618937883217538065e+00 1.795689398029970685e-01 3.681160320443036538e-01 2.313699519397384094e-02 2.110838814521503182e-01 7.778778397200256656e-01 3.206877101192870949e-01 2.812666400705192693e+00
1.609146662611224965e+00 8.717944569307858327e-01 5.541003118006823103e-01 2.322836156320032264e-01 1.021813986112892536e+00 5.770481369039472064e+00 3.067487793730514500e-01 4.662748670773725346e-01 3.517883289821240739e-02 8.923725878450339266e-02
4.032975725976664649e-01 4.217919368276055736e-01 4.293411874032058151e+00 1.374475670468089938e-01 1.595260536364339343e-01 1.882839699358100916e+00 2.298362030972443737e+00 1.200483505123249417e+00 1.865343557564387966e+00 5.276212429336498699e-01
5.065291595077381880e-03 8.749933419247944710e-02 9.346095017461860666e-01 3.277501413953687326e-02 7.970171641753021063e-01 9.109080341704542949e-01 3.470587057983427037e+00 1.193895195011212274e-01 7.994164303817107298e-01 2.519464407196242206e+00
1.834952072121048827e+00 1.273108376459290314e+00 5.053305792846213285e-01 7.779731816757609053e-01 2.115092214271788063e+00 4.847050989311239011e-01 3.532315294175974341e+00 2.087999419864900563e+00 1.722542660659912128e+00 1.657191761043844691e+00
5.991514661829955291e-02 5.737376350845698747e-01 4.202127893465034347e+00 5.659138136970790801e-03 1.160723897532348170e+00 3.646198538961148983e-01 1.489554377864154566e-01 3.244653052458781772e+00 2.188213751265388751e+00 4.525375772834049570e+00
7.190536559996227872e-01 8.207988056776467367e-01 2.386551608199828992e-02 9.850577225431734751e-01 1.156957356476896237e+00 3.311534454711577511e-03 7.604262108900822215e-01 4.251650457951579309e-02 3.576129292781496938e-01 1.399484764366414113e+00
1.574806385574177847e+00 7.740840503554217156e-01 3.839338070021205973e-02 2.660888110332866319e-01 2.049137915101357788e+00 4.175600892077940829e-01 3.861331129845027577e-02 2.451717035464827110e-01 1.166254616189005278e+00 1.166744062646595914e+00
1.210180935128381874e+00 6.332946798565782798e-01 1.004189429315525794e+00 9.746598422028033282e-01 2.418414600165496253e+00 1.004679776286971915e+00 7.146525171432372980e-01 5.269662065793283556e-01 5.604320867027388076e-01 7.018220479888832575e-01
1.993904113839800596e+00 5.281508820231571866e-01 1.026960234237256797e+00 9.971064713872643814e-01 2.680526205092420566e-01 1.157837394246878704e+00 7.076148711288170468e-01 4.245320802312705366e-01 9.051877987120489077e-01 4.488722021831201836e-01
1.434758822432342651e+00 1.591415893692884165e+00 2.830434630949689279e+00 3.075777216393117630e+00 4.081981926324077664e-02 6.221072375212984007e-02 2.893822015869059516e+00 3.242741364965147977e+00 1.158560727102297738e+00 9.870498171820439870e-01
2.765299148883063607e-01 9.250613504220144001e-02 9.583182236775195095e-01 1.038870405079636239e+00 9.068228522550725312e-01 3.366817482435638387e-01 6.259992971533300254e-01 1.705663313990778140e-02 2.213443136884446494e-01 9.847356587223886626e-01
2.026901167845067409e-01 7.950562730081444096e-01 7.437424448027457613e-02 1.480797891599225924e+00 4.127182163832995854e-01 8.303738989747125876e-01 1.861679443603208028e+00 8.285746714476320829e-01 5.439953095175575903e-01 7.523411577421487140e-01
3.478691446776264740e-01 5.631297995723435479e-01 3.214887092526482526e+00 7.162637930502283590e-01 1.111171230337182902e-01 2.472783718429808264e+00 3.781131168411236976e-01 9.032444073526244566e-01 1.077378247123828237e+00 4.980475949885992404e-01
2.652940523742909340e-01 7.121173642517755198e-01 1.906982592970105431e-02 1.052854350066526168e+00 5.565983223293058391e-02 4.646455005097673840e-01 4.354120733561972489e-01 1.538183763138120663e-01 8.841471643727907281e-01 1.388196281341835370e+00
2.180078158173770486e-01 3.195299188332685891e-01 1.254725255650382398e-02 1.708825319785252927e-01 3.164034275540144603e-01 1.438174793814878338e+00 1.982837589731932582e+00 1.249912395787628888e-01 6.100487178094985419e-01 9.425668044249398969e-01
3.156791086219576936e-01 1.299456725965405735e+00 1.227113965298182729e-01 1.237540301461065750e+00 9.631212258517461988e-01 2.801617199527180802e+00 1.568447618060610171e+00 9.157510695513070287e-01 3.267139377014658397e-01 7.210846871947331760e-01
1.004071565649925946e+00 7.524361382805858089e-02 9.391609087746489726e-01 1.621901808244132104e+00 8.543528752720365438e-02 6.960785288270328053e-01 1.015780488240347834e+00 5.983384337387618324e-01 1.079478462230646363e+00 1.563218653074400222e-01
8.699376152800811779e-01 1.351846945522931831e+00 2.482016862207412078e-01 1.049890884539404767e-01 2.048100623484692573e+00 7.973987811639750012e-01 8.857880185628716485e-02 1.759987967190534519e+00 1.419132768165053848e+00 1.506012240213345343e+00
1.093219160238097176e+00 2.011569707200118184e+00 2.699167281456694933e+00 3.387987657124142959e+00 3.395445006719771119e-01 1.193091901367142382e+00 3.878076198588647494e-01 2.668064991603737557e+00 8.826884684768490086e-01 6.234010398360179117e-01
9.215338152126468785e-01 9.291982754324290550e-01 2.562685432684153053e-01 1.364443242409543622e+00 6.729055011592335322e-01 1.158919508276278654e+00 5.095196539626953847e-01 1.624479237740692916e+00 2.692825422305218652e-02 1.429182933651274912e+00
2.365086372454738850e-01 1.487315178343629807e+00 3.079735815275896349e-01 9.724951077052721438e-01 1.531082998484307067e+00 1.235068974801718789e-01 3.421672171614681179e+00 8.446318067922010953e-02 3.740473528109685142e-01 2.543850911841702422e-01
3.029935682576738287e+00 7.390899085004966063e-01 3.163826908107345570e-01 9.813833184651978014e-02 2.737057365837736525e-02 7.323542903641249158e-01 2.243884237563439910e-01 2.676970871143224073e+00 2.314156694121803692e+00 4.429671783571536015e-01
2.204778116967129886e+00 1.819208447997388012e+00 6.693683825978714586e-01 2.114944018726279573e+00 1.653538926418872956e-01 2.059359565999626440e+00 1.038081987055560207e+00 9.868542078871290757e-01 3.069955276343090400e-01 1.429923176703855159e+00
2.116272014979303950e+00 7.675422906582649585e-01 1.181420434566629929e+00 4.645218370988670187e-01 7.020236184436239313e-01 1.129499771521938145e+00 1.423473707428242196e+00 1.411417751060735915e-01 2.632326960623135648e+00 1.318196156038861089e-01
2.041789247222433712e+00 2.197517765402094148e-01 4.600297055926829692e-01 2.713221845752986194e+00 3.129558699307415370e+00 3.707451333950739225e-01 3.595931703616612185e-01 7.774909507101038786e-01 1.981195774730857062e+00 2.315463490039777472e-01
2.962552646602910622e-01 2.315017645150604153e+00 2.107245428957255307e+00 8.998794066812123571e-01 1.060612592690169054e+00 8.262096765169782975e-01 7.108457104214245259e-01 6.795112326110090972e-01 1.818832438153302755e-01 8.669122940577626835e-02
3.500925916428942464e-01 4.998996373500193435e+00 9.774560324996768301e-01 1.642011759179731190e+00 1.296399093514457368e+00 2.136853502239234981e+00 4.953624328511185143e-02 7.965760060257683906e-01 2.674208015631585056e+00 6.078764040183612938e-01
1.793528626217177346e-01 4.310619900168823015e+00 4.755621808644602266e-01 7.641716040954067424e-01 5.775003305650713292e-01 1.146399088355244844e+00 7.476787252041301457e-01 1.160255498636976641e-02 3.258089427822656314e-01 3.320789892164173751e-01
7.839776802823605895e-01 8.845357468562839443e-02 3.450678358381000232e-01 1.163826217532448526e+00 1.632826920537429949e+00 1.088416886222002500e+00 2.565662670794999212e-02 2.390159906613957830e+00 1.071440250832313312e+00 2.109204635317454279e-01
5.711813655650817001e-01 8.760388071591030945e-01 2.219301958906984285e-01 8.930945652627304554e-01 7.823410805728756579e-01 5.354805540575215128e-02 1.874951319516936055e+00 2.223131213857431135e-02 1.727914516932794964e+00 1.192678264855372428e+00
9.502894164926161125e-01 7.517017726543511191e-01 9.770702519942388031e-01 1.437801179414198438e-01 4.344177287354246131e-01 1.991964072735849633e+00 8.657966073126075468e-01 1.470556332582671766e-01 1.672363454186650000e-01 3.582498964304913436e+00
7.539621970812644403e-01 8.673621624171934386e-02 3.349106130608544007e-01 5.320913467164333222e-01 6.105686990003121872e-01 2.964762717276375747e-01 3.967197308989741100e-01 3.597409043569726350e+00 1.652630379956823825e+00 7.000595506069147156e-01
7.916643054449411521e-01 9.915507306147133271e-01 5.553962266834745476e-01 2.207998898074331251e+00 3.268897774669310419e-01 4.459457288109399536e-02 1.492607947350876874e+00 1.878367911796345879e-01 1.894281192784236512e-01 1.465418625984059142e+00
2.504377224393611878e-01 8.040911108060937451e-01 4.384015740324619381e-01 5.893735172738242545e-01 1.060042181585321375e+00 2.351620509683136628e+00 1.796816754397182025e+00 1.438887826123172120e+00 4.156621771415803801e-01 4.336244219966441271e+00
2.331994221901441677e-01 8.541841434249447529e-01 9.953148651589413531e-02 6.625296582200672635e-01 3.986996328506348108e-02 1.402134225689659175e+00 8.180466013610721010e-01 4.727760888136695039e-01 1.740087442292477526e-01 2.534163086382738572e-01
2.324209120588231148e+00 8.620919630859792404e-01 8.440771331524729026e-01 9.100342316304556034e-01 5.633190854919163382e-01 2.022991831138648555e-01 7.650471378521428445e-01 4.187904857325082664e-01 6.756069977802676985e-02 1.171594200531795638e+00
1.661593050318026510e+00 1.374409010754884530e+00 1.131974243479696662e+00 3.267675665470779478e+00 2.351284377143379789e+00 2.933435099765799414e+00 3.799870991614545113e-01 1.189499296358235148e+00 3.141008200770340153e+00 6.932580426117038730e-01
6.928665445514731402e+00 3.236728174144546166e+00 3.755643054635353639e+00 2.947603712415219346e-01 1.090758476216711514e+00 4.227568959052175890e-01 8.926263210330167563e-01 8.134196603671878245e-01 6.313509560665808706e-01 4.377780527362230778e+00
4.922739787958201330e-01 4.396032631370102584e-01 2.897897305627346043e+00 1.339576791485464602e+00 5.265118216574769805e-02 2.495208336394459936e-01 4.570786946942043016e+00 1.157474657659413042e-01 2.434003882897888688e-02 3.974914602928638074e-01
3.188112409549818255e-02 4.840662399422007711e-01 8.404242545136910714e-01 1.226497066660610091e+00 1.526526527402943367e+00 6.199932891864918805e-01 1.616790457792115776e-01 3.094659312696649955e+00 2.199078296596800541e+00 1.832202043161081928e-01
3.081555550278073513e-02 2.518899258275153930e+00 1.746633222448135569e+00 3.219367194802660176e-02 4.223560474809068488e+00 2.515800305425942573e-01 7.285312845446302310e-01 1.471118315908089835e+00 1.163393755283159248e+00 4.263305758270554691e+00
1.222326877491165753e+00 3.656301161711219549e-01 1.331800481674612520e-02 6.958382313066718838e-01 2.678248401951618174e+00 5.860087048124585918e-01 7.012278406441598833e-01 2.850167052116254762e-01 3.192342458915039538e-01 9.597895580165713425e-02
1.464932176495216565e+00 7.013645967300669026e-01 2.025449090643690608e-01 6.439455536270064506e-01 2.546056763132503953e+00 3.629856674985063592e+00 2.468314237475549344e+00 1.953330412747002143e+00 3.949157947520727796e-01 7.698071111434675595e-01
9.293937387676822759e-01 1.879428261722611904e+00 1.089418009396771581e+00 5.288884856350225538e-01 8.343046839109600210e-01 8.296488233944957491e-01 3.373025224366418939e+00 7.294872775322541747e-01 3.277895913139373008e+00 5.006932403772401674e-01
2.776034496139333285e+00 1.430086856314958910e+00 8.479854497857054474e-01 1.992956570095602675e+00 6.372565962449260324e-01 5.831401513491906163e-01 1.582574591958257670e+00 4.656591663552006044e-01 5.730162851694857451e-02 8.000311861391319335e-01
8.777944592244583122e-01 6.206106014375307733e-01 7.662192503894244000e-01 3.358883803908302990e-01 6.436506695204594619e-01 9.788589074599408635e-01 1.545075966223660169e+00 1.332880689069601443e+00 1.953785091426564202e-01 5.160689570326254305e+00
1.865390084468777410e+00 8.009761391959112631e-01 1.341911360656249830e+00 1.852746414480144876e+00 1.192022896492843376e-01 1.299410940737424219e-02 1.104130532881574846e-02 5.129736881709879848e-01 2.231277992386724751e+00 5.519583075418231788e-01
4.922607053238851615e-01 9.698532185442853004e-01 4.853460602874225538e-01 5.036114005109162406e-01 1.953627710985191002e-01 2.056379399008249065e-01 9.707922537194567658e-01 6.881102827820348988e-01 2.572473033673313147e-01 8.509722922730459382e-01
9.687345985295712225e-01 3.221373351426985721e-02 9.513715327779768971e-02 3.382007202053497873e-03 6.378387712388767783e-01 1.767267650553054681e+00 1.349021760566528449e+00 5.853019935646374128e-01 2.742046963867846188e+00 1.040765883982378126e+00
2.752001706838089201e-01 5.326781860697951121e-01 3.728169475737934113e-01 9.818754166007773176e-02 3.411793800343725813e+00 1.139650909171968790e-01 1.640174220746957734e-01 2.006222605583781959e+00 9.389251047781710380e-01 8.479073666318499847e-02
1.114974835427180677e+00 6.103267480014732405e-01 1.562834099348485162e-01 1.742767096098954305e+00 5.794279156268996589e-01 8.908495768871278753e-02 8.882251438401168597e-01 1.706457325194220775e+00 2.515432707912975130e-01 2.204549693047054559e-01
9.325853417250192789e-01 5.740205731210387130e-01 5.870567258392931365e-01 1.031568021390969037e+00 6.377937798699192529e-01 2.704965959863157576e-01 4.861142245012398111e-01 1.774339701244286374e-02 3.651538177243616179e-01 1.419099904958589065e+00
1.691978607388342493e-01 1.594061810777098076e+00 1.796425928773930925e-01 1.570748393390954400e-01 2.243121523226545011e-01 1.593640162248767256e+00 6.900496501058184240e-01 1.225856745933681546e+00 2.667016127461325770e+00 1.102471023313943005e-01
1.293477641646469278e+00 1.575172398453281275e+00 1.122171827426363538e-01 1.512634280684817867e+00 8.234929781331569165e-01 9.756056971061872751e-01 5.629628645959587618e-02 8.647525716380045635e-01 1.170811977275251214e+00 4.246381787881118863e-01
3.073833528426480055e-01 3.739014592272733167e-02 1.257613432048703406e-01 1.056743477342614757e+00 2.594387534421512154e+00 2.881945379889356285e-01 3.928661479121946520e-01 4.607699964663143355e-01 1.898176112077454292e+00 1.309275102417669090e-01
4.376837234452475578e-02 4.761864947289591865e-01 8.257568949225133625e-01 1.474801375737581077e+00 5.459269639082136027e-01 2.245780934495187897e-01 2.169634646876233142e-01 6.276964588826803304e-01 2.039640302155250495e+00 1.773639641313192739e-01
4.255894000493039564e-01 2.148413028465795127e-01 3.480766619197019351e-01 7.791552014362793654e-01 9.100136288482802982e-01 1.735383014996940032e+00 9.192558906810509578e-01 4.450857503231820389e-01 1.384515887774635245e-01 5.775454374260962531e+00
7.886606822848765130e-01 4.970650601909048505e-01 2.535348312747611188e-01 3.090429777936838374e-01 1.305638799115785398e+00 2.734355991103507022e-01 2.720527734215554716e+00 3.096082746178563036e-02 6.481914245469760916e-01 5.000986097065420743e-01
2.879819363397219334e+00 3.943713161995477279e+00 9.582184405979389530e-02 1.366421664738176056e-01 1.261114349548074998e+00 2.201357815977173615e+00 8.338444771875448414e-01 1.097666426054262345e+00 4.983223649242274900e-01 3.806876971721675496e-01
2.451122265411294077e+00 2.290541913594685841e+00 7.003023506283931887e-01 1.221431075773995456e-01 1.607275199361322959e-01 2.642913442910394650e+00 1.167387910174053772e-01 5.840550452928112979e-02 4.879688087700075894e-01 1.049985911202884065e-01
