9.078499065678368174e-01 2.651406904881636328e-01 3.179477281081111162e+00 1.993460012978486295e-01 2.537075211740087433e-01
9.329819589809620339e-01 1.933621684483368242e+00 3.796421311423175293e+00 1.496517167438929374e-01 7.447904205893121077e-01
1.050681089180938610e+00 8.937157448857792064e-01 9.966088218538865506e-01 7.819672963267166876e-01 1.828599296802243257e-01
8.937056100450976315e-01 1.190478966501652171e-02 1.450715049055559536e-01 1.250548063669662868e+00 6.201110387573138816e-01
2.330062091104388777e+00 3.139055770888512509e-01 4.088219335903496288e-01 1.335910053470854286e-01 1.765656144649149439e+00
6.237916019646084775e-01 1.163069496654036000e-01 1.613392459568945503e+00 3.507546470382448600e+00 5.638170506065571796e-01
1.455367463105774917e+00 5.547981319117299692e-02 3.569985177964704048e-01 1.167067628979788635e-01 2.011724119890543783e+00
1.076436779510805131e-01 1.937398518218803323e-01 8.602178402220818088e-01 3.707060189947889994e-01 7.585898068504816176e-03
1.207379739217171899e+00 4.835236650337326747e-01 2.945012021885167752e-01 4.505882716477377925e-01 6.472721587024797829e-01
7.099009874329934577e-01 7.683780230764712948e-01 5.070558070578826682e-01 7.257307789669778519e-02 2.437576164873026752e+00
3.626753286027027401e-01 1.424462997888695126e+00 9.194965828766490934e-02 3.487975653584223235e-01 7.635773524022810843e-01
4.147887736142825132e-01 4.657531092848849141e+00 4.437575617876653999e-01 3.481437414997517799e+00 1.612238834691531508e+00
9.378674319027643924e-02 2.079025867499389307e-02 2.180812176408623848e-01 1.199485098752863133e+00 5.962544225743976467e-01
1.331650032355560231e-01 1.306442116258721198e+00 2.782192884700817603e-01 1.804851186651981410e+00 1.295535140200165136e+00
9.694579609587915536e-01 2.036307897574026526e+00 2.430903252577865103e+00 1.539959329191028292e+00 1.089041157772773910e-01
4.126512051095360678e-01 1.735844463121404557e-01 2.546624440621913621e+00 2.647923871716365007e-01 1.063642816748334718e+00
5.278126681378453311e-01 2.584585449766563237e-01 4.096826731469055405e-02 1.022294535515978486e+00 1.592172423767834188e-01
1.089776076655847026e-01 5.084067733905632824e-01 9.096352609277755796e-01 3.716411697391839297e-01 4.599731326505905882e-01
2.170609115625797558e-01 3.947388159410898933e-01 1.623998964551609969e+00 2.200776194778217842e+00 3.176974493848364389e+00
9.096061977917553332e-01 7.427319263030560670e-01 2.393955307111326480e-01 9.763445164714051883e-01 1.933658296626258544e+00
8.875628650727948044e-01 2.125456037965700595e+00 1.911827165580551657e+00 2.391810129440583133e+00 5.956715878543186182e-01
3.180564611019720100e+00 1.266608586508926271e+00 1.642482570313599899e+00 2.883401863839159418e+00 3.587072086686136640e-01
1.213041401622827031e+00 1.615600594018902214e-01 1.759731603437961756e+00 3.019561729089934032e-01 2.481090852879064279e+00
3.491050728940122555e-02 1.923559833197724944e-01 7.638525310357727194e-02 4.113691826801128548e-01 6.260235409690210195e-01
2.148813691056162600e+00 1.179374559821950941e+00 9.559309035778376651e-02 1.627079545865964261e-01 1.766046718454098885e+00
9.375909925585850235e-01 3.249703640811049121e-01 9.423320711077685236e-03 6.554428086339525450e-01 1.747361210699936551e+00
3.870435390040674051e-01 8.161605744448954258e-01 8.729800677513453733e-02 2.451573276934748247e+00 9.938770604581838031e-01
1.474790136793417084e+00 1.836633029111752191e-01 2.846201766631018537e-01 5.993516136224590340e-01 2.517512443027450364e-01
8.378469883525304640e-01 6.754932015395841427e-01 8.694736082873302241e-01 7.708250641415255178e-01 1.866415840609289445e+00
1.061429000319692673e+00 7.770311930419056268e-02 1.885166512047311782e+00 3.710361296016477795e-01 1.210465432248790663e+00
2.713391204977949438e-03 4.887039206237518418e-01 5.026458593068727082e-02 1.648218918765284480e+00 1.435684702307255201e+00
1.886914330359679592e+00 6.483257396763930647e-01 2.036078621296555924e-01 1.743034063068935824e+00 4.625653383733455137e-03
3.489802814179713275e-01 7.808648529837863839e-01 7.288955138854934512e-01 2.483102022220488259e+00 8.721979748815159583e-01
3.423118792052463277e+00 6.339655292835881806e-01 1.728232023271687678e+00 2.824114158153256393e-01 1.229513307966617841e+00
1.174942430864936771e+00 2.308447644001130339e+00 1.795599282622012682e-01 2.013493039625103009e-01 2.680930994323478256e+00
2.793207775477317689e+00 1.473556199366341524e-01 2.251850427818309630e-01 2.753924512733872731e+00 3.714783536362361027e-01
3.686673178471400192e-01 2.622675343751851074e+00 1.314869332850485406e-01 1.153152037092752824e+00 2.563094928273322637e+00
1.538746361146072994e+00 9.741231342749333555e-01 1.462823226773992957e-01 8.453406461954203754e-01 7.358930917113379877e-01
2.701228972207105339e-01 8.144004256129163677e-01 6.064520512427690413e+00 1.326111394606867000e-01 7.007230802385082669e-01
6.963571064605126315e-01 1.301761644196396950e-01 4.523071808179174869e-01 5.201068334017525663e-01 7.178241092880811580e-01
3.033096041765158901e+00 8.628914360058983490e-01 3.393990504879593750e-01 1.224981375792020488e+00 1.035390966313197270e+00
4.862507780500521792e-01 1.815071817270219878e-01 2.919043644927598602e-01 9.942506065911215218e-01 3.334673658361519410e-01
3.669953317142428117e-01 1.639111862108329765e-01 3.463594432013974989e-01 8.504311030734494625e-02 5.738784070535668524e-01
2.910655835062265218e-01 1.134122010955832760e+00 2.093238495577864344e-01 1.590278138315611267e+00 7.486367313211929053e-01
5.125112388945146646e-01 4.475378696837736120e-02 1.441241840369779537e+00 1.935837125666646230e+00 1.200383496542113626e+00
6.655360162623952247e-01 4.204943737170648704e-02 1.406944232317097199e-01 4.480691974508899555e+00 2.054521246035843518e+00
9.213546023771977955e-01 1.511650048758829135e+00 8.940504570381336835e-01 2.874076659600137140e-01 1.007955796693830841e+00
1.265527594298956782e+00 2.650766346972071918e+00 8.625869967923017745e-01 4.127419095266350868e-01 4.484769843026684133e-01
6.680464327258210933e-01 7.699077605889500520e-01 1.500646006339598770e+00 2.701138980646846655e-01 6.482340615432190256e-02
2.420114980208005750e-01 5.896881779325753303e-01 3.423360377429685020e+00 1.900903240652260351e+00 1.282017875161246323e+00
9.268260122830732639e-01 1.474159696248604767e-01 1.246502335013718765e+00 2.692596802022987745e-03 3.393777715981425303e-01
1.339181328110875258e-01 1.927328880536069156e-01 1.238307969652915785e+00 7.100470830996093996e-01 1.346420623877136458e-01
1.550728956090093869e+00 1.401024702898703567e-01 2.504000187228030416e+00 1.792361011900150958e-01 5.111868107158225039e-01
4.192187949701075000e-01 3.357932903007885272e+00 3.280528457681936572e-01 1.539228778612894422e+00 1.278802439680102987e+00
4.229633145402923455e-01 2.911660227449044958e-01 3.216708892931960384e-01 2.249959291195261724e+00 1.495263433460119584e+00
9.335729397580276867e-01 3.592878120751841209e-01 1.030690848425527717e+00 1.769513823424777810e+00 9.203988916875964488e-02
1.028656356796646243e+00 3.968525234194035800e-01 6.798932024775946603e-01 9.624548091970229757e-01 1.021062534511278708e+00
2.197228261769869628e-01 2.815352235373981271e-01 2.070599947664756788e-02 2.656310974981046957e+00 4.240410616150960266e-01
1.240401800053197168e-01 7.703817363736244206e-02 4.769010972662395265e-01 1.081649548664228577e+00 1.058315809130448093e+00
5.034248671524903518e-01 1.640180828112141276e+00 4.856993548739611533e-01 2.795638213697630436e-01 6.097028174304765236e-02
1.167806717597124511e+00 4.568808125618599725e-01 3.240243661086353866e-01 1.091439193353651804e+00 3.934602232341594785e+00
1.789993590272299206e+00 6.063067608856065327e-01 1.102293713724821489e-01 1.425867392813023049e-01 3.675537324040197701e-02
7.950467921393541415e-01 1.315782344693606110e+00 4.214773415139621449e+00 1.600681291474635559e+00 2.135391545346099207e-02
3.911652659414683320e-01 5.066062052049145059e-01 3.884018746632431074e-01 9.050758893252487669e-02 1.453767157280682065e+00
1.099007564463337028e+00 3.341609081741911402e-01 8.645943487052738519e-01 4.027621244204261375e-01 2.678955288629270570e-01
9.242439075775869817e-02 3.780784896464392530e-01 5.649087520438537124e-01 1.663282898266493115e+00 5.337834761413444706e-01
2.868205419757884345e-01 2.212032141256765616e-01 3.975972513088463778e-01 5.640041876379098262e-01 2.014760087051567172e+00
2.642023675480756340e-01 9.427038465791761634e-01 1.949579237282500710e+00 6.764985315993485293e-02 2.879789309775883765e+00
1.891879851850181149e+00 7.305966534238840238e-01 2.261234149387888248e+00 9.192176408877380522e-01 3.936142172545044060e-01
5.227820363409873217e+00 1.657146932156920105e+00 8.739916957130136610e-02 5.015466651577612511e-01 1.279271146131157888e-01
2.203970410396155710e+00 2.735160940440347410e+00 7.061471384466732060e-01 6.534784652115016579e-01 2.080575669358359636e-01
1.585283088038548671e+00 3.806197645329849610e+00 6.619450928809120782e-01 2.716549263456881302e+00 6.127836142938887232e-01
5.671699014343505318e-01 1.043046300420721106e+00 1.627438978073532383e-01 3.535413783973607504e+00 1.549348728843022160e-01
7.665255771012745578e-01 7.279821758705364854e-01 1.152676883944497188e+00 1.916826673823222860e-02 7.193118991478077984e-01
5.917206325756283469e-01 9.940817317481734361e-02 5.114396352648660216e-01 5.978115502803429404e-01 1.826977652196796864e+00
3.175263303073951437e+00 1.551721358517105465e+00 5.193361148505606373e-01 1.495332529371506958e+00 3.242649416017107100e-01
5.506030097834544584e-02 1.641963494581671013e+00 4.498882963217705755e-01 9.788866907341043921e-01 1.085312251362223313e+00
1.635514136113555284e-01 9.365541081711482585e-01 7.068509298768464559e-03 3.555157867117710424e+00 5.691227089452858268e-01
4.693728206233445555e+00 3.106116358559317669e-01 2.509590727923751707e+00 6.020044376249958917e-01 8.312222600531182781e-01
2.821062096624642912e+00 2.994865280524963147e+00 1.416158742640915458e+00 7.770215942830260847e-01 3.704291301992061469e-01
8.763627412824022134e-01 1.685446028817615849e+00 2.949377289286308872e-04 2.176469847804352598e-01 5.912695967554792986e-01
1.603706072955679296e-01 5.068844792987913239e-01 5.131215753617446307e-02 1.040709973882880224e+00 1.298936438863247611e+00
2.231493847316624368e+00 4.235619666187345200e-01 6.399469184188655291e-01 1.034834924872452433e+00 2.909176686406543588e+00
1.221874945579576877e-01 2.288035755794293469e-01 1.665920797079476934e+00 6.367626402549041664e+00 7.090329012247108542e-01
6.033182108442226577e-01 6.408476442301900278e-01 9.723825852811084358e-01 1.197041109635790246e+00 3.560622672172052416e-01
1.563939546679122605e+00 9.908476918889866925e-01 6.999605081864809231e-01 3.738241666004376018e-01 1.238811174504667267e+00
1.188556842737708674e+00 2.911903050895690459e+00 8.308703308764058271e-01 6.175295065315296317e-02 1.880032505784501040e-01
2.182084671214139959e+00 1.011138864037929297e+00 7.214435995941104185e-01 9.504754834368579486e-01 1.801776887785106140e+00
9.445934948434292489e-01 1.296341974340280201e+00 1.726281040524461352e-01 6.141081145746780240e-02 3.083732931587996440e+00
1.812294780063141708e+00 1.321472276606021179e+00 5.166070118941247236e-01 1.181703386745591056e+00 3.274277217766243808e-01
1.881792029893912588e+00 5.188263169456807100e-01 1.342154311280104317e-01 5.539977252155202647e-01 8.110806618176600313e-01
6.912191962320907157e-01 5.531077335910936199e+00 5.926451488326023309e-01 9.330748581916145645e-02 8.156019897109992867e-01
5.857433577765190913e-01 9.683931762956236033e-01 1.021341033711635538e+00 1.056970358532009352e-01 6.271762409977289510e-01
7.438444831829412740e-01 1.291011708656006673e+00 3.721185536439173269e-01 8.671876472633734956e-01 3.496801059174639015e-01
1.817383288117662143e-01 1.443369581155066417e+00 1.312227915372668752e-01 1.020881804568796625e+00 1.116497527314267213e+00
3.209878221096160167e-01 8.223980235292797092e-01 1.498125834153620994e+00 1.467814138411319469e+00 9.027355622335657692e-01
1.874062414123387699e+00 2.425477132336654407e+00 6.187638732197706659e-01 9.442375068113766368e-01 9.669573159174236210e-01
2.356779833852085115e+00 1.496446604355305965e-01 2.617458187961934080e-01 4.796441251712325604e-01 8.130005001881289717e-01
6.014165169755913976e-01 1.017350129433054196e-01 1.153627722016187657e-01 9.149475979333964171e-01 4.747077889378003568e-01
1.231185964599789795e+00 3.402507586623573221e-01 7.050421845547952815e-01 9.947072996379896503e-02 7.432833285805445778e-01
