9.398113168669610662e-01 8.345948908114547704e-01 8.764624345264047101e-01 1.776545057465070077e+00 4.489868079656035571e-02
6.654192610205855729e-01 7.889523769093592653e-01 4.281526943774711214e+00 1.373706892529765522e+00 1.736503199407857800e-01
7.966816209473781552e-01 1.106221679490623083e-01 1.500382505744646267e+00 4.413576651775514281e-01 3.486746936420823118e-01
8.416023167468281718e-01 1.564029102142157956e+00 7.399963271482545846e-02 3.558766363739171101e+00 2.455836453759248084e+00
1.370379084543729808e+00 2.780313042667599821e-01 1.103550456116175194e-01 2.731475291530391036e+00 8.389714364476545672e-02
1.975776048278431452e-01 1.376386811722609460e+00 5.714293050895913328e-01 3.403762965184803369e-01 2.873863981828746195e-02
1.540514107327860982e+00 7.253098608490968768e-01 2.709356541502840748e-02 2.770163553271847157e-01 3.174988451170241907e-03
4.647327145602886400e-02 6.958503588307786147e-01 4.685084766747802831e+00 7.152882096425294822e-01 2.267013417632642303e-01
1.070759404681998594e+00 2.770520781003972255e-01 1.039531279416654241e+00 9.068452395265733657e-01 6.087905188089213215e-01
1.126853124047282995e+00 4.642276866895589382e-02 2.415130300915735884e+00 1.218865096492872446e+00 5.595923271377707675e-02
1.809305903801589510e+00 2.901046458109642900e-01 3.825428900062952664e-01 4.630597392341234131e-01 1.864360170521920601e+00
3.652617760119462709e+00 1.270527292622032123e+00 1.452904328235855302e-01 9.724966776631571719e-01 2.645202165266208549e+00
8.992274109491241729e-01 1.706247953899240555e+00 1.528577081848486507e+00 1.376601665392950924e+00 1.324444136881265832e+00
6.481261108597694519e-03 3.920122228981754109e+00 1.010322065047302598e+00 5.123082955778744674e-02 2.953674282136560802e-01
7.419371148836391150e-01 4.040472905338250431e-01 2.900833696390439531e+00 9.341487238488846989e-01 1.349327438988512928e-01
1.544446339693490211e+00 2.677098515395317513e-01 1.834645565331258776e+00 5.115280192508561141e-01 3.267235468909067908e+00
1.195604437442677054e-01 8.524600833869360184e-01 2.930228686462251764e-01 4.245842234002262794e-01 2.303116150364106426e-02
4.906416570069062622e-01 7.121416292148938787e-01 3.590127217557548267e-01 4.586571123704710207e-01 6.448040518226235696e-01
1.069646659988166826e-01 6.937283529964283213e-01 3.371957794782453610e-01 9.141896750146393247e-01 1.827779916716030517e-01
9.325822551119483661e-01 1.018626605658255191e-01 8.991445930123308505e-01 2.516821846558560116e-01 4.745466003223601792e-01
1.075883685931302125e+00 3.541398127559047815e-01 1.736817461441034105e+00 2.428529224195198122e+00 1.875948611021594825e+00
1.703545368845390540e+00 3.415004661753981430e-02 1.250340609281249682e+00 9.568021596643294657e-02 1.127895553745295043e+00
1.292192240915890633e-01 1.263462657985777504e+00 7.710805495297111678e-01 1.443496583458510341e-01 2.345381547305782355e-01
2.843643149468244591e-01 3.550764936758392665e-01 3.038488080807355995e+00 1.283750818536999738e-01 1.260212393854644175e-01
4.825745338201321011e-01 4.311693454654997315e-01 4.867514016454210779e-01 8.083076556185165629e+00 2.225613605444293486e-01
5.576487189819414603e-01 3.822094110325788968e-02 2.294613970331187691e-01 2.777471363952565220e+00 4.405580217258200371e-01
5.373522478491284948e-01 1.571860579490307774e+00 1.004012458736752711e+00 4.158679170876185965e-02 3.055986458042037501e+00
8.427580484195725807e-01 8.487059042128827224e-01 1.411708061016800686e+00 1.009460989881716675e-01 1.804157607297863120e+00
2.565507882344083557e-01 1.093226349947910292e-01 3.698558253115886152e-01 1.571358084973982772e+00 1.113907589747369142e+00
1.118537533232772274e+00 1.188004682210531682e-01 2.189471944652779389e-01 1.549083944463445217e+00 3.264327605155085132e-01
6.923387283902817657e-01 1.057773383181408899e+00 6.952453751546180394e-01 6.387978474929463246e-01 5.986120363288073287e-01
1.473610237819767299e+00 6.871820861669764025e-01 9.301622018270075398e-02 5.784619783594346920e-01 2.845709107672579341e-01
2.220615654858815180e+00 1.263273542316551312e+00 2.237128739317140458e-01 5.144439987475065479e+00 8.597600604306210315e-01
1.308292061828783437e+00 1.413111493719437783e+00 2.831991287512226063e-01 1.741209751585427457e+00 5.616141005195215419e-01
8.127251925555281087e-01 4.294920899123824132e-01 2.010593552589985844e+00 3.679061548321305719e-01 2.008166969453025086e+00
8.583126790021984587e-02 9.627648562071334792e-01 1.093770846467985614e+00 6.509655759161745436e-01 8.661913375834416895e-01
1.268796775109044317e+00 2.870551758858771674e+00 2.582747537697450968e-02 4.062256277493608847e-01 3.267930175562651085e-01
2.959024421028940699e-01 2.629283598749307949e+00 3.379270297412878765e+00 1.516974646578233443e+00 1.430635397612127102e+00
7.195780206888632291e-01 2.247825417094367895e-01 4.523288537333998605e+00 4.132194487220378853e+00 2.845831061230973624e+00
1.281672820384063716e+00 2.665482983907748737e-01 2.384846134311356280e+00 1.503068977009475837e+00 1.458941147455332099e-01
6.210566731934993312e-01 4.037975509497377935e-01 7.769544099446877850e-01 2.164506753507229042e-01 1.050547651836655216e+00
9.296996537307167241e-01 5.915229879131363999e-01 4.245304972862758430e-01 2.490278911460732658e+00 1.210330538692630659e-01
2.018723819753390492e-01 5.894696323700017615e+00 1.895610800126018847e-01 3.221841263352357432e-01 6.824916303678018048e-01
4.662354759340874844e-01 2.803883227580867832e-01 6.065075801496360164e-01 4.690230288226884259e-01 2.284931419662171947e+00
2.248204112873227967e+00 1.305588626152600906e-01 2.816860011711999956e+00 8.355042077025841563e-01 6.295272939428024905e-01
1.205779578095649285e+00 2.756237591446598079e-01 2.232231286136970166e-02 3.580006593736867471e-01 1.340216793564082076e+00
9.719562639746476274e-01 4.407840515335971765e-01 8.852144002120837518e-01 4.613450302160324035e-01 1.594994094675004914e-01
3.845470958290536645e-01 9.187942858448205907e-02 2.862923595393136011e+00 2.336426402175545147e-01 2.566979233852588749e-01
1.368113510921280529e+00 6.211547404839550257e-01 6.340057623543546850e-01 4.041399694529082431e+00 1.397076000667039963e+00
2.364631587773176502e+00 7.830700533003952524e-01 1.376724475906416501e-01 8.818253661779779096e-02 1.972028235967836718e+00
4.123109144767224121e-01 1.047114790470486501e+00 5.729221735055414766e-02 8.149430486014171970e-01 3.901289181266837769e+00
1.145490535582295744e+00 4.008586822710541453e-01 1.031443977948241386e+00 6.812336811628938449e-02 2.088689178487350695e+00
2.148538820549298123e+00 1.039747139787500219e+00 2.144522777969181782e+00 1.087876632187340986e+00 3.654251469567446620e-01
4.806756624309536652e-01 2.803373124573047104e+00 3.133268020663694253e-01 3.969771218065046181e+00 1.265764645983634695e-01
8.932981703323901179e-01 2.358742013204657706e-01 1.573126207632149720e+00 8.255036367858562540e-01 8.399314009647808055e-01
1.598394557053480769e-01 5.310968331119988450e-01 2.293258122815261812e-01 4.448093325385760188e-03 5.210433122364398484e-01
4.686477746331411676e-01 6.013825876037498519e-01 1.352431883268675250e+00 1.626299141483871225e-01 5.433067468612746698e-01
4.195278994087280333e-01 2.143556314608366264e+00 7.040739809193947707e-01 3.953897841375728778e-02 1.811726512988185878e+00
2.746673267493275006e+00 2.077795674354000255e+00 5.067359432688695216e-03 1.229088041682131704e+00 4.317095414320035296e+00
2.576433678105316538e-01 4.604155887609501785e-01 4.989716981985903299e-01 5.720513328876698500e-01 5.567255950509860662e-01
5.953560884863264846e-01 2.747482710781358195e-01 5.770623837462808270e-01 1.248930696619982683e+00 5.170676406411236492e-01
1.027296723451938343e+00 1.556637509430407740e-01 3.330388793058172148e-01 2.173587423344099268e+00 2.452245283372021412e+00
8.624937943858664025e-02 1.611209124528299341e+00 1.485050605722038508e+00 5.520972469656599824e-01 1.758716587430885880e+00
2.829592696366141968e+00 9.602835011928587683e-01 1.918260772873343400e+00 5.179115946626040579e-01 1.302195297142558494e-01
9.102402458626779325e-02 9.806242864557215277e-01 1.427319395755748399e+00 9.984931710552835682e-01 7.587403757986739272e-01
2.064819217099511217e+00 5.203640448261180218e+00 3.763791038994346860e-01 1.089204850743261233e+00 1.940941246987067270e+00
6.196604595606189925e-01 4.987178675183275844e-01 4.974139758987040638e-01 3.637833253917735488e-01 1.561043285691535276e+00
5.998700442300907154e-01 7.287172499487161448e-02 4.580598783509543526e-01 9.062891913265295196e-01 3.358037151968473744e-01
1.015493433034499127e+00 1.006194287852450797e+00 1.538348093939274408e+00 4.844053100471439333e-01 8.292166047223312741e-01
3.706457550831818160e-01 6.859156347192564562e-02 1.331713435463332429e+00 5.481317988724344614e-01 4.209767307853602425e+00
3.023331457308095493e-01 6.769936376527115052e-02 6.690599665353388348e-01 2.585422347842288859e-01 4.167507459362570499e-01
1.199287775375818210e+00 1.361827870402765983e+00 6.520574806640443422e-01 6.690379485321037434e-01 2.352982839884088850e+00
8.034985059283656916e-01 1.000483871091491173e+00 2.592704327893961214e+00 7.316694123221993973e-01 2.602139471429722462e-01
3.657773443753630782e-01 3.279816542599493623e+00 9.995951221837966472e-01 2.100484371506599501e+00 4.327908369322923110e-01
1.807192972376849616e+00 4.452687852178012773e-01 1.541037050205340819e-01 2.389586233513718572e+00 3.822814107052366350e-01
5.084089406807807965e-01 5.062407597560270034e-01 2.866846697579699565e+00 1.371745461449289438e+00 7.757877136276986052e-01
4.789619249890413877e-01 1.401971282096115434e+00 4.379840753579236634e-01 6.842228671570949050e-01 4.095920262969666048e+00
2.912660045195807790e+00 1.444718254018332093e+00 4.986373883581495470e+00 3.348176467237629628e-01 1.498005307577034095e+00
3.887135233060477479e-01 3.870100160183091997e-01 1.974788184266233149e+00 2.786231563999133111e-03 6.197775072736282087e-02
3.230171220001863297e+00 9.657249183213416355e-03 1.979047051704691806e-01 1.695872868300677627e+00 3.034386990607016998e-01
4.021229409420333245e-01 5.799747843188413771e-02 7.442919628883849503e-01 2.510886076349225782e+00 2.781755034648829006e-01
1.802986249230873472e-01 2.297536716668573675e-01 1.850777168310371312e-01 1.659084886526077218e+00 2.162235568913046357e+00
5.071523984795049678e-02 2.445833189495320859e-02 1.978784792124323177e-02 7.493168337814037905e-01 6.959093696270286511e-01
3.834066671500024892e-01 1.981391479745016282e+00 2.508341304160451313e-01 3.212529995332159549e-01 5.263132153145010095e-02
1.251971779113811856e+00 2.199715780219097527e-01 3.630655161763974292e-01 3.448441013476735706e-01 9.419596133058202314e-01
3.364856480576342707e-02 1.038950950519448441e-01 2.703549565237450825e-01 2.743103605124711741e+00 4.607928648074936517e-01
1.871676970495275150e-01 4.117585830413311498e+00 3.817785224953876844e-01 9.232396109971903186e-01 1.508979107825528798e+00
7.758055181754079932e-01 1.363141338362564348e+00 1.988907652697416983e+00 2.344909010815639405e+00 6.683472320923380394e-01
2.193812918332501138e-01 1.876613166474711658e+00 9.630853914039699815e-01 4.291401519444978940e-01 3.340921582153160152e-01
1.477178491774751468e+00 2.153784189192883003e-01 2.645852978118846455e+00 7.035105352618740149e-01 7.547540089708171251e-01
1.825331155479460454e-01 3.225161986805780590e+00 4.917205343523508021e-01 7.149760895653317627e-01 3.736249735854717535e-01
2.872410819551757255e-01 1.284840028080934893e+00 1.368074479141642374e+00 8.456213055796519829e-01 8.062006662727060347e-01
7.538291582361276999e-02 5.174688668907256872e-01 1.535966635983659900e+00 9.318275810184957209e-01 1.599449301984668059e+00
9.311815451616188843e-01 3.457322052476257679e-01 1.527637797085900084e+00 4.857729905278527771e-01 5.929492539872864842e-01
6.091856142595193369e-01 1.224117373097700412e+00 3.102059142049062412e+00 5.943440077125986681e-02 1.543876119850765005e-01
1.512205736514210308e+00 1.271615522913044916e-01 1.054329859489207433e+00 2.360827468002530072e+00 2.363986786490573366e-01
4.114459777956422371e-01 1.686621640831953151e-01 4.574827581423602241e-01 1.434006556344544769e+00 1.456885802164449850e-01
1.662993476020144801e+00 1.488993561942045352e+00 3.053572685178923329e+00 2.761688218714576148e+00 2.568025934196814242e-01
9.192145685368960928e-01 1.855130467061263388e-01 9.450097365137946070e-01 6.589909661357101767e-02 1.323905265075361048e-01
2.007328960991462186e+00 2.116131692004883866e-02 2.779421265263377072e-01 6.108437059092294286e-01 1.878402808935047963e-01
