1.021812444534858200e+00 4.552400295049884305e-01 1.036165814470978885e+00 6.022399818485715706e+00 7.217008471245606183e-01
6.030514886073426339e+00 7.697282937498745037e-01 2.971109567400498808e+00 3.196303101533128771e-02 2.390797863983568750e+00
5.877714289049941199e-01 2.732365870787662604e-02 2.691062144742169426e+00 7.461327831624907647e-01 5.117958911184894433e+00
1.570779667918938305e+00 2.070740405875024059e+00 3.310613249157685067e-01 2.353791748922696936e+00 1.444919202277431980e+00
7.685651895848172321e-02 1.230583688326839287e+00 2.391672687584878165e+00 1.071634123573175668e+00 4.027988367126921765e-01
2.329958916275270131e-01 8.195480811715358804e-01 2.338569387059671101e+00 2.792706264249117165e+00 9.625026818177795981e-04
3.936220030871667053e+00 1.995618905175813029e-01 2.546166271654803470e+00 2.684423478705556532e-01 1.015065593587491266e+00
1.449545448156168426e-01 9.371857327132816495e-01 5.104623971249683256e-01 1.906107341666097854e+00 2.034025909880198546e-01
1.423740023274839839e-01 9.797201497782109803e-01 1.482391594694197678e+00 3.623491608910043738e+00 9.369542291096109032e-01
9.331640934323486292e+00 1.445582962226178658e+00 1.363155000928276017e+00 4.677655632545844600e-01 1.938049844662520060e+00
1.905657877588312177e+00 1.363334356653418178e+00 7.199480889564473074e+00 4.625442154292288000e-01 3.613819954666964041e+00
4.745312266156789249e+00 1.738477685236883508e+00 9.847238996829658086e-01 1.201125918757887101e+00 7.491689516308852603e+00
3.032595753333207633e-01 2.685161570826021915e+00 2.250177007125487627e+00 2.693137485613550375e+00 6.807238164059327135e-01
4.523856961393690312e+00 2.476039152120537601e+00 4.187326782577728834e-01 5.362872220790074890e-02 5.527085864599174947e-01
3.832491361511088934e-01 1.872210139399421269e+00 2.329489083533835103e+00 1.944449840773306404e+00 3.657954498037756519e+00
4.887231939568141392e+00 1.841631606303640645e+00 9.237827974211786086e-02 1.177869715909242831e+00 1.801505485448663846e+00
1.818996115458737517e+00 1.803212609506245692e-02 2.149977183727774452e-02 1.222178602821156063e-01 1.594018052845120437e+00
9.072938482396345483e-01 9.110858541245313580e-01 7.513129708334529422e-01 5.854021933776789588e-01 1.665227178588241375e-01
6.567205906977298113e-01 1.620033772832526031e+00 1.436069078347320449e+00 3.267105657208316583e+00 1.058474866394846448e+00
2.944162627343723138e+00 4.513508236651500027e+00 1.203407358757244028e+00 7.993258389314862322e-01 3.280814486346108616e+00
6.514901891336933870e-01 3.425765115857732468e+00 4.291651779422459012e-01 9.142286998116628816e-01 7.690059119355819872e-01
1.715540961282833399e+00 4.096368212562970235e-01 4.432247814734088243e-01 1.047587104787228895e+01 1.069795157318446988e+00
2.775803890932511120e+00 3.510549085920454115e-01 3.364053571397029430e+00 3.653423827869221263e+00 4.144517984593490412e-01
3.585544971340040910e+00 4.158177600539154639e-01 8.571340680836431192e-01 9.186516932923779466e-01 2.773088558444302798e+00
2.603250490223453451e+00 3.520461200804187563e+00 1.015160842709818212e+00 5.986557194744598354e-01 5.873345744418082548e-01
2.671096244901352890e+00 8.193353600004918968e-01 1.225635028918472536e+00 1.289964367714616644e+00 3.468004005327204320e-01
7.159378943507727078e-01 1.868627072937921185e-01 7.515938759519193157e-02 1.703628303800700738e+00 1.431361575985445000e+00
3.391772170389287244e-01 3.122948015473282490e-01 1.560151901967631982e+00 1.510373647499649863e-01 7.897449061291569095e+00
2.207313369489426469e-01 3.751129607505895858e-01 2.333397324272809270e-01 1.150994147583411342e+00 2.074227458698163939e+00
5.732186004266194290e-01 5.165831744887666943e+00 4.034814144085257404e+00 1.538507309311964111e+00 5.151524190657343460e+00
1.733679240435199720e-01 3.784005971628207288e+00 2.624748227087832397e+00 1.844223745311971863e+00 2.812955523353724452e+00
9.457727337956648439e-01 2.256072247210610726e+00 8.703634979545451955e+00 4.269432770887594125e-02 1.282992801695239216e+00
2.371422343589445481e-01 2.948657942155781808e-01 1.762807691770631680e+00 7.290486850056842272e+00 3.058930575445348854e+00
6.613688374264408143e-01 2.079868709410011895e+00 5.430527764165795634e-01 7.952593050438313549e-01 9.434098974519716796e-02
6.459362326147422007e-01 4.120561566413965870e+00 1.865521889164829250e-01 3.133355867286299556e+00 1.041302225981297802e+01
3.485028491743094481e+00 3.231418293378830686e+00 3.149118676497456804e+00 1.046074983241841672e+00 2.185849624701620419e-02
1.877119598802991396e+00 4.096465587839407535e-02 1.930666358614302025e+00 4.621758674517384868e+00 2.143550016595403118e+00
2.053853661267323272e+00 5.477014861012066582e+00 6.028310193148957552e+00 7.178869416535228476e-01 1.993399985343616621e+00
3.556510074604225302e+00 1.012767076541581046e+00 5.764684080200772165e+00 3.293401734279064019e+00 1.001482575226792848e+00
4.105506620148105412e+00 1.277070057143447679e+00 2.192293708767679483e+00 1.841327723640874936e+00 1.419099155529632006e-01
1.606846348285630166e-01 6.802477388782762979e+00 1.061568877112270437e+00 1.522847933080729854e+00 9.720265336603183259e-01
5.972075003449477393e+00 6.732986914709448101e+00 6.323876062560645828e+00 9.373871857386459894e-01 1.193272820524094557e+00
2.339177244645734566e-01 7.372166289378547788e-01 1.299772096021664325e+00 3.930359746271072652e+00 8.316514677611669404e-01
5.379481774783076986e-01 8.489245959388425078e-02 7.193087481436814812e-02 1.846183560351675190e+00 7.729356152349189379e-01
7.700319270867416188e-01 1.178100444952975279e-01 1.259110507300764459e+00 1.379212090226541731e-01 9.671644749322048096e-01
7.545813891719619804e+00 1.449830873361627193e+00 1.331895724714197904e+01 5.961368261600920038e-01 1.976760728454584726e+00
3.526140294775167439e-01 4.818080070796516345e+00 3.390618044069111936e-01 4.009103779146172108e+00 7.989473273680408605e-01
3.750451718501344178e+00 2.550547186499906083e+00 5.141173335288630186e-01 1.087445828320238395e+00 9.662989635016647205e-02
1.015539001952570075e+00 2.321968988170495241e+00 1.640208428507845539e+00 8.510020344684072757e-01 7.279519172438829733e-01
2.129708087425230101e+00 2.207238069583181694e+00 5.847576109356775742e-01 3.522241593252906089e-01 7.962417040867870721e-01
1.753953059828543104e+00 3.748658423093270908e+00 5.204682587140323058e+00 3.636469807966788537e+00 3.948886140867669675e-02
7.876030861720013654e-01 6.238117907363172066e+00 9.702702407795098516e-01 1.861619163606992589e-01 2.135598637672338818e+00
2.529618311814068932e+00 1.631029126717660649e+00 6.731477524490657727e-01 5.108491875404954502e-02 7.084917686447783636e-01
6.195623418967383111e-01 5.082066435824462935e+00 2.131963398028792867e+00 1.372590854531865689e+00 1.000402960650408568e+00
4.371332998966913408e+00 4.420685659658687428e-01 2.292779137462934269e+00 4.414287732756394078e+00 1.030417698956939354e+00
3.264777466008592199e+00 2.440148714061124213e+00 2.205857837766282081e+00 1.674615508452663049e+00 3.993066635313639701e+00
1.486431207362429952e+00 1.130487653290643379e+00 1.396341742919398499e+00 1.480305330834528421e+00 6.798740624614167949e-01
3.877276882980960959e+00 9.757803904743430623e-01 7.031801855828109238e-01 1.793080852656367408e-01 7.908053621108590558e-02
2.511294124739627431e+00 2.250490868336394168e-01 5.021270531197158382e-01 2.975863519497923826e-01 3.492371590672847803e-02
9.384891188380674043e-01 1.327836736278172225e+00 6.065059250458759710e-01 8.106955196701634003e-01 1.064461945821978617e+00
1.286609952298652104e-01 7.596216248616732836e-01 8.157419818950869539e-01 1.468564866907098532e+00 9.574323578657296663e-01
5.124433083817998558e-01 9.757566246973197188e-01 1.612952223295071874e-01 7.602740060967257962e-01 1.525114449388835780e+00
1.655009070613682742e-01 1.894802952606833957e+00 6.529400149524571262e-01 1.794734047070511762e+00 1.359650969608610538e+00
1.631392608083820583e+00 8.955858116492633816e-03 6.149798589246843195e-01 1.490236577751795632e+00 1.243438650625976249e+00
1.611506681359583970e+00 7.721392488752240046e-01 3.384447569035457626e+00 3.401551616200431116e+00 1.255451315090061026e+00
2.691427466983705497e+00 1.406892623813950749e+00 2.919151903974559037e+00 5.388864262240804059e+00 2.142950179924950849e+00
2.147952308676286393e+00 2.786007822187775318e+00 8.645385780610309601e-01 2.051112641881215060e-01 8.094550737985950484e-01
1.306950991163953191e+00 3.823653434671210327e-01 1.137519315978973294e-01 2.925117604845026698e+00 1.951681137699766477e+00
1.303128334434381363e+00 1.464284048879920030e+00 1.973430406522289349e-01 4.508428182242484733e-02 3.113167731020036744e+00
6.861668839076225934e-01 1.303451272190153443e+00 9.834608137455429500e+00 1.362245774117551322e+00 1.201178819182976643e+00
1.191435408874235824e+00 6.100717176884625559e+00 7.579400050367680608e-01 2.700163198321215763e+00 7.498519369040957727e+00
1.270491638854693628e+00 2.624565690589056199e+00 4.482043694788697685e+00 7.329968617832988143e-01 1.370718253915104601e+00
1.521277036431720076e+00 2.059304817583459979e+01 6.204043903826324424e+00 3.663221023388980147e+00 1.730925594941422840e+00
8.343854713315139726e-01 9.566680636294598583e-02 2.835250218978433434e-01 1.321448117409516732e+00 1.229730152947605459e+00
2.280591064386889577e-01 3.802425807072904451e+00 4.393886530909477117e-01 8.778656392255029806e-01 3.940776311378490160e+00
4.526053408447319737e-01 8.006327026852751771e+00 5.807435069736720301e+00 1.742675497778073623e+00 4.109263559156433487e+00
6.366467399029206442e-01 6.296722100910496778e-01 1.396565942342408384e+00 7.200505077584033131e+00 1.105914470656074594e-01
1.073715037513042203e+00 3.683366955469303400e-02 2.548223611594744309e-01 2.194803848002963242e+00 5.095762063564664990e-01
1.082442270082135893e+00 2.393596833843189275e-01 9.424683477431967937e-02 2.385013193192263348e+00 1.159832705626484550e+00
6.025180408140762278e-01 5.732528024974617997e-01 2.089700905336525083e-01 9.637029956322338275e-01 6.024388717886387801e-02
