3.835348440015196037e+00 1.767895605850838159e+00 2.623420998195470144e+00 3.098449860849106230e-01 8.580304172035002619e-01 4.109300810721231989e-01 1.488140085563302240e+00 5.488344102396305324e-01 1.177291769981486214e+00 3.561173719176089048e+00
1.778360036440688852e+00 1.995994963157376345e+00 2.963125342802102491e+00 1.327067348416497872e+00 2.774904736113402159e-01 5.695006991902806792e-01 9.358730655119183728e-02 2.624151615113968772e-01 1.551167393641242342e-01 8.143176664075119087e-02
5.841856905947042655e-01 6.705408261530397818e-01 2.419776417992018924e+00 1.714657398117798159e+00 9.649660376862290168e-01 1.958108802234754808e-01 2.869275209823974215e+00 1.299902082228616473e+00 7.872244776971067948e-01 3.187101960922378296e-01
2.572385294123043398e+00 3.822778365326578998e-01 3.881231666036841221e-01 1.406875319131312141e-01 1.167558776020553912e+00 3.081947561366470967e-01 1.157144519000382177e+00 5.341955300097050996e-01 4.831497644510726608e-02 7.413444644910409664e-01
9.062928152829909101e-02 7.445419042660652575e-01 8.843661216893867749e-01 3.102898883753857362e-01 3.801120330077041309e-01 3.822027868249941562e+00 3.758549912961487216e+00 2.722156185438524556e-01 1.687035003066807981e+00 2.371662444574335726e+00
4.149755167658083360e-02 7.574747870865072841e-01 2.163622050822588516e+00 1.173035474333027128e+00 4.054921582850559147e-01 1.048566203089654897e-01 4.178124817805685121e-01 4.258541229403752792e-01 3.484530843862195804e-01 1.250079560639083098e+00
1.221484649014650814e-01 1.977741510307341688e+00 1.149031319629608694e-01 1.184121241886558346e-01 9.266028946688489865e-02 2.362459406975351006e-01 4.488170127474438442e-01 1.680436057056105825e-01 1.791480658073689058e+00 1.611384962146989452e-01
1.730969096013852848e+00 1.038934994303977399e+00 1.978231764156451966e+00 2.151191619538710409e+00 1.244976043259468979e+00 8.598731792293910769e-02 2.954285135302351165e-02 1.218724621697450550e+00 1.396820419768556532e+00 8.979311097996366398e-01
2.033473337524110691e-01 3.482664048369447651e-01 2.582423484557218596e-01 3.188082924161043108e-01 4.827866326897072291e+00 2.262479902573074630e-01 5.432875098874616615e-01 2.177829967485142681e+00 2.308371376406688213e+00 8.528402086813231531e-01
3.024466634785011668e-02 4.096206136947541654e-01 2.979616268615992158e-01 7.844671215656970897e-01 6.184970836721522813e-01 1.049964530801395846e+00 5.393974596025969959e-01 3.067496012527963334e+00 1.531483409596073431e+00 7.923670028254272690e-01
