5.759822243761241189e+00 2.026201079470395960e+00 4.017371734220231971e-01 2.021872332520646687e-01 4.056499440796919598e-01
3.918815953907066607e-01 2.787098903051474577e-02 1.677808771165547386e+00 6.816111662372892344e-01 1.094056047054202396e-02
2.013552995030644510e+01 6.812445619935041385e-01 5.777339918063099100e-01 5.084452819024378734e+00 1.748630331243914982e-01
3.550314817600851658e+00 1.449081217086904960e-01 1.043099815297482191e+00 4.827118481942590300e+00 7.852575790298328695e-02
1.023964896073377595e+01 3.604245048964384579e-01 2.592627336293324425e-01 1.940654491178581686e+00 1.394377317804947058e-01
1.420125785431039844e+00 1.038034377998461322e+00 1.923886975971831559e+00 1.265332729674515377e-01 3.304962515574639825e-01
4.222856882978320847e+00 2.793412202685277568e-01 1.063410857422605327e+00 1.760003774620958916e+00 5.235020765389061109e-02
3.584395556425433949e+00 1.559946490696713650e-01 2.135530379433290271e+00 4.922492992639975640e+00 1.258329331643544824e-01
3.779649977957690865e+00 9.795622262808394154e-02 1.228365047743250199e-01 2.688026306186909409e+00 1.270936632638825226e-01
4.196138890595825899e+00 2.894072909875966548e+00 1.489469413526824104e-01 1.569857879254458466e-01 1.263216765228710736e+00
2.489143840130027652e+00 2.977739757501705053e-01 6.670004130732570813e-01 4.169675511133554835e+00 1.153945721594505508e-01
5.216422009940004934e+00 4.135416170967344485e+00 1.006209548418241395e+00 2.805370762897952730e+00 3.874878896534738049e-01
1.913173778867174601e-01 2.176411080741532889e+00 1.457906044800352685e+00 2.854002981419695217e+00 3.560068429647435251e-02
7.784335012808804244e+00 2.216714243300354215e-01 4.574744361465655773e-01 3.352626637937504706e-01 9.741503498568304664e-02
3.208498465060259375e-01 7.634120362589025266e-01 4.976505577573903105e-02 3.074996937568402533e+00 1.441551825902148420e-01
4.948953822652212287e-01 2.240169547554609619e-01 1.489315527849152387e-01 8.965794985543281692e-01 1.278850845367095479e-01
1.903064877431387858e+00 1.815183868191193373e+00 3.870464074154333356e-01 2.183673292358671691e+00 5.217193266627032783e-02
1.819701264441352606e+00 4.227709468334696630e-01 2.829276625906652853e+00 1.438326337902807062e+00 1.012469992783503747e-01
8.821236114908213466e+00 1.684122985525788652e+00 7.563455820011688591e-02 3.161749205007029051e+00 1.159224902006986024e+00
5.787700852537430718e-01 3.264446959198279430e+00 3.781590416263806986e+00 1.296889329384457223e+00 4.206263579333269775e-01
2.141501950202207016e+00 2.312225890944417550e+00 3.043041836228504438e-01 7.895381146053453980e-02 3.658723134369177288e-01
7.286526139414391423e+00 3.274596282810278147e-01 1.198385194902610085e+00 2.199039793066036808e+00 5.892776231572331713e-02
4.986515403632350463e+00 1.201939124358436972e+00 4.519159890494591991e+00 1.992335348410088969e+00 5.394747854548236354e-01
3.031766022844782291e-02 1.366022901543632040e+00 1.068115058594557853e-01 3.101547430310988673e+00 5.496339465230362098e-01
4.268354699615152015e+00 5.990819519021489681e-01 1.356347302876105276e+00 1.916335571289697060e-01 8.847220764080081512e-01
7.974944501776528583e-01 1.323461269455071365e+00 7.910581738224503612e-02 3.426920312631252852e+00 4.497764162330542687e-03
1.444030880531062877e+00 2.079146435743430832e+00 5.139175914830973468e-01 1.393764148439110340e+00 4.894259600469499233e-02
1.062033310576158662e+01 1.644563229805146243e+00 4.850248538324491432e-01 4.004762540231561196e+00 7.683408753764211507e-01
4.981838662330753564e+00 2.771850285824160043e+00 4.104629304368851983e-01 9.600838816237722284e-01 7.101247895579802794e-03
5.825806200239745936e-01 5.978024119321039276e-01 8.765422796188335197e-02 5.091033271371470104e-01 3.307829553349127538e-01
4.136043206106071679e+00 9.960136841841996658e-01 7.625055141555155958e-01 1.973156264777437219e+00 7.079396931039823038e-01
8.326590992683867709e-01 1.144880455754880400e+00 1.209290816627749177e+00 6.606421916381702841e-01 6.456263575585068082e-02
1.262013465180928662e-01 1.429652425601294796e+00 4.796133570031389098e-02 4.267488947755838646e-01 8.266885034595470305e-01
3.323187515698352801e+00 1.808476792108358211e+00 5.459234237062768891e-01 2.025893571044481867e+00 2.112459846651000006e-01
3.771351083725584363e+00 3.356057030533463048e-01 3.277808684625054259e+00 5.832428230777289002e-01 3.755964208737563870e-02
2.401134856306796905e-01 4.791484552243660211e+00 1.633357092633094476e+00 4.416425171390900850e+00 4.653325569825996766e-01
3.103654184307174102e+00 6.633466969153564152e-01 7.237844214203468240e-01 5.993157466115246468e-01 2.601478876000222207e-01
6.514373767387803937e+00 1.967668246360467998e+00 2.252444498769017311e+00 2.163977455704458208e+00 8.715525574160955247e-02
2.934319897675752298e+00 1.822549619595703607e-01 2.310726682034430490e-01 1.490503094100377179e+00 8.400695707006113067e-02
1.565668101009891844e+00 2.296444634924295514e+00 2.100290391709096927e+00 6.124810703955988700e+00 1.795598397160398096e-01
6.664765746750092923e+00 7.562584759651510558e-01 3.217531053268441354e+00 1.799569707657528106e+00 1.600380957924164016e-01
1.395508593761523697e+00 2.280155298047180867e+00 1.314743478764333284e+00 8.640554527270996044e-01 6.103358962075568217e-02
6.933727170815153329e+00 2.467534711417635584e+00 2.454886915230649336e-01 2.500081905795125348e+00 1.612500587046022393e-01
1.460486511920708885e+00 1.563952135911745644e+00 8.419426411626766971e-01 7.335211635829375076e+00 6.267980962145081048e-01
1.812368281832823502e+00 2.852150150705323739e+00 1.818475741714751681e+00 6.138202971110695572e-01 6.679341566314749290e-01
2.558635409217366874e+00 1.337235430517572377e-01 1.644479942744801804e+00 1.423839774711417872e-01 4.292424031365041914e-01
1.060556768141486250e+00 9.710111223001336445e-01 6.000549608024711157e-01 6.124346746771685446e+00 4.048021961394986795e-02
9.685328901518968081e+00 2.180800568972216524e+00 7.157617633739857266e-02 3.995651700187862199e-01 5.904705805925795081e-01
1.281660518132475701e+01 4.039912106574484185e-01 9.584493529815222290e-01 2.245167316932493051e+00 9.026695257533269567e-02
2.455618919936091438e-01 4.321629490415759833e-01 4.008767184559020258e+00 6.467104992337475711e-01 1.620315598503591428e-02
6.851793810067383639e+00 1.949241201551796809e+00 9.470485061032682950e-01 3.556961022778656556e+00 1.697401390316411428e-03
1.204776476337876367e+01 3.138904466517156155e+00 7.374858927774666228e-02 1.849323408807719948e+00 6.207032334713722399e-01
5.799081897496683596e-02 1.248182928729238528e+00 2.180968920707154979e+00 5.219125902951853746e+00 3.490046334746507162e-01
5.548004302771890828e+00 5.799644823341886912e+00 1.086884910335945920e+00 1.010646885842821363e-01 1.263465756962462438e-01
1.393520219688074269e+00 2.100688165234009475e+00 1.984136125562119823e-01 5.440222375701055935e-01 6.788706267472822686e-01
1.009442157318952926e+00 1.338501395759316592e+00 1.006669211455021973e+00 1.222793006277939520e+00 8.783238139601617922e-02
5.497690492026279685e+00 6.790335035405757613e-02 5.688498405246649181e-01 2.218618092758976257e+00 7.877474650165350312e-01
1.670540145132198617e+00 9.747980938676286122e-01 8.415027879651472420e-02 2.157866395459084874e+00 1.965841027991964474e+00
8.791347999779738354e-01 1.597940634067704924e+00 1.058428516342156289e+00 5.133332449695175548e+00 9.864181346973456277e-01
4.556623503652697416e+00 3.366425717246242511e-01 1.529482300066586919e+00 4.389299240413860659e+00 4.946601560610934811e-01
7.056591570577044337e+00 8.255028396003762925e-01 2.410184634421029815e-01 2.002949708684065300e+00 2.961096591238635001e-01
6.249854992092691575e-01 2.330924687147830354e-01 1.368084147026285669e+00 3.245074649822895729e+00 6.808871485475892320e-03
3.496225230428930519e+00 6.254073405785351980e+00 2.513446821607863702e-01 4.196945410088125605e+00 2.591756698200364459e-02
1.745932977008050280e+00 1.001547142394323409e+00 7.117887397165832686e-02 1.671009919008794364e+00 9.534991511146142518e-01
6.321230090059792417e+00 1.118266529972913093e+00 7.963991649321707778e-01 2.383657885128745324e+00 1.041133102896348417e+00
5.063051033976337933e-01 1.270177436445642627e+00 1.155651612397200712e+00 1.199064169710762073e-01 5.559913807483615050e-02
1.667616680350889835e+00 7.011565271475155292e-01 5.574036232960102311e-01 2.899261941984611735e+00 5.014769114783559356e-01
3.283231675388292636e+00 3.372438074637645888e-01 1.995085247308762411e-01 1.310440445009548815e+00 4.745927773381529713e-01
2.762611636352886313e-01 5.426078061913721662e-01 2.236729229550966647e-01 1.723212964479187814e+00 9.120722669113216774e-02
9.124380272931680302e-01 9.510199158268286546e-01 2.307099017201037050e+00 8.424973688219112855e-01 1.123862596962404425e-01
5.386445959684982299e-01 2.025755556536433577e+00 1.162690440981004381e+00 3.844032780617236522e+00 1.670556881868939109e-02
1.448228673449992732e+00 2.041065307803577866e+00 1.410530241627578896e+00 9.490272770384470258e-01 4.247817123924061966e-01
2.043252099268382693e+00 1.894153299035353566e+00 6.283144796147299704e-01 3.864791229586427290e-01 1.191286619792770590e-01
1.501848188397872652e-01 2.642894288238490930e+00 3.074750101284283166e-01 5.674936340349643338e+00 1.381280205318465570e-01
4.864988859117101327e+00 4.806624474995952134e+00 2.026722371294274794e+00 1.035870418487162326e+00 1.648509807996313414e-01
4.728501029616964391e-01 5.962746086911777099e-02 1.088578484885794229e+00 2.861672507990183911e-01 2.882804549735878408e-01
5.775509675134408161e-01 1.434281561936459282e+00 1.251794891136954191e-01 2.217408440577978368e+00 1.751962157306948542e-01
5.027511179570752553e+00 5.127041856608222092e-01 1.855864641231169010e+00 3.086608282836224237e+00 8.080886561136384205e-02
3.472457074089865259e+00 1.149009832365439188e+00 1.533933957162090522e-01 2.189261737110690387e-01 1.856218120899383317e-01
2.600427120538806758e+00 1.029613434406892569e+00 2.313475874101126872e-01 1.104863323089851468e+00 3.728724224742217541e-01
2.914300547177854916e+00 5.879104408719072472e-01 1.135103528360041247e+00 5.914700456226036351e-01 7.388384494113946210e-02
1.123788427869521600e+00 1.802246519098223143e-01 8.674580669318499027e-01 1.306551460905449824e+00 8.822118490273433977e-02
1.198738003853189404e+00 1.277381776471641361e-01 2.041752556220766124e+00 9.283678316766094119e-01 1.923279730802703869e-01
1.401693412858838084e+00 3.247091199969395769e-01 1.150946854098364724e+00 9.733839736805244280e-01 8.347204020537693503e-02
9.857592454479886968e+00 1.806026639884516172e+00 4.146567506338408649e+00 1.480058387772821060e+00 3.185146197822968234e-02
1.365484477787861417e+00 1.045046470645062398e+00 5.086847939289091958e-01 3.658851900090756004e-01 1.421824611113845505e-01
1.144859068531762070e+01 8.513524414178422761e-01 1.581541881398539573e+00 2.289410192790981569e+00 6.759380343712312333e-01
4.665025411678257683e+00 2.412383259981947692e+00 5.840519982792340414e-01 1.947382047409473571e-01 4.494225597613846213e-01
7.975010402166327061e+00 1.979869583584608961e+00 7.207214130483445558e-02 1.557781832022475221e+00 1.223247974652324488e-01
4.535698167048033191e+00 2.107439188182770096e+00 2.039030564806937118e+00 1.955162980672801254e+00 6.008162364683466983e-01
6.180778690506844697e+00 1.787030608547010013e+00 2.714249353402191089e-01 2.048357216151098226e-01 5.243747449399533966e-01
1.765768024373711054e+00 9.572863325693070635e-01 1.402283786533915722e+00 3.980436364108733915e+00 4.090237219806445723e-01
3.081205574794147140e+00 1.596326245729664528e+00 1.260323482092734482e+00 2.701219435735037866e+00 5.096981405346678179e-02
1.084651876604892928e+00 3.987867452462031115e-01 7.191428996495171644e-01 5.826576976629851412e-01 1.341983585480713281e-01
6.252724791973093312e-03 1.881683558061292061e+00 3.958756538338195075e-01 7.778163431331882594e-01 2.624370194067968676e-01
2.476531755851958838e+00 7.291452887394577864e+00 3.756246324230601563e-01 1.096211296452869410e+00 4.849602673235937078e-01
5.251139942920804993e-01 8.935983158373993485e-01 1.700785477618107278e+00 8.588003286454457541e-01 1.551251728103251737e-01
3.294031663799600745e-02 8.179307761397536236e-01 9.835613317650528098e-02 7.072876589179198925e-01 3.753708623924388310e-01
1.988416617607987158e+00 8.044951868702640008e-01 1.666539777910304387e+00 4.988223932944763739e+00 6.635297235551596007e-01
3.297901626169464695e+00 2.685477846040069227e+00 7.960750383790690665e-02 3.553802644053824511e-01 1.735836428222101158e-01
