9.710010492477498811e-01 3.126698642805279538e-01 4.097880719779437020e-01 2.516274886542563252e+02 6.242199586108496678e-01
1.149573364610025489e-01 2.609908648770166706e-01 6.834270688146386163e+00 3.921438933555651118e+01 1.257047623729417862e-01
2.115347276860657821e+00 2.152859399322154754e+00 1.901601885652054014e+00 1.664332828300808274e+02 5.956494211785337426e-04
9.294243539954503974e-02 6.731481322173999970e-01 1.315412063658444146e-02 1.083103494100253172e+01 5.766946746114803152e-02
1.343649839696805237e-01 8.196741761555889072e-01 2.380188902227794667e+00 2.599641405271719830e+00 1.485855552654707090e-01
6.665690295279047550e-01 6.732213229217540729e-01 1.034239861514915582e+01 2.993979891412936354e+02 2.755384821190431932e-01
2.675331084244880753e-01 2.285006771698488703e-01 3.086184275872524641e+00 1.044679479283394130e+02 2.664883820065813147e-01
2.302128658968524144e-01 2.016916476138360448e+00 2.881868413585453870e-01 2.255501017476875347e+01 4.506983037851896440e-02
2.647683950142890041e-01 2.772059197762624105e+00 1.810759333148005634e+00 1.260615880507913005e+02 3.677030252132697935e-02
3.363604388645758947e-01 4.708576921589850417e-01 8.315877561176050037e+00 3.327314408006945001e+01 1.693702342402712557e-01
1.824261390148562256e+00 2.559775105678566698e-01 5.185778405154788828e+00 3.759566557297172373e+00 1.452210683544919334e+00
5.186637149035788763e-01 1.168388508266970716e+00 3.544983586741531134e+00 1.223531025087110891e+02 9.317048384265281813e-01
2.044084120931147219e-01 8.003767373323383838e-01 2.978237382666108601e+00 1.092088654325258013e+01 8.227972300278864337e-02
2.399841668859818145e-01 2.039556213764422421e-01 6.164593873660091816e+00 8.118177591062642762e+01 1.919267622826916235e-03
3.136588636278483389e-01 8.949478010234859227e-01 5.357353367818618040e+00 2.426458302065667993e+01 5.728475039867979568e-01
2.192076672512014990e-01 2.028883638757186803e-01 5.396946659794404688e+00 2.499695724477621468e+02 3.801713707446034013e-02
1.500541297134414531e+00 9.782235821699623510e-03 3.731935667497199738e+00 7.668030125822258469e+01 6.581702572667371687e-01
1.014039758701747118e+00 2.155056346677729717e+00 1.432212372010209345e+00 1.143216425898586408e+02 1.924022244959457811e-02
2.726347943908066007e+00 2.352996479181981293e+00 7.162460153260569840e+00 5.795473278973499873e+02 1.145029161173123644e-01
9.428381681906389256e-02 1.505527681344153379e+00 2.660578704412579487e+00 1.655838205635485494e+01 8.651163715467121706e-01
2.091565929209350028e+00 2.478967481947056545e-02 2.451309198896585606e+00 1.350575550955667552e+02 1.828205435342617147e+00
5.361437454185169482e-01 5.527052147188873388e-01 2.580754525342820235e-03 1.375004302396417017e+02 3.019021978020837715e-01
3.158713498758502602e+00 6.609664897680613826e-01 8.941898362382454835e+00 6.349454986188322891e+01 1.597269478596213821e-01
2.340516232743815039e-01 7.805626109214099939e-01 1.594715716120387095e+00 1.750478370588151620e+02 4.456438502267469626e-01
6.436028892509231270e-01 7.110960721642228810e-01 6.089629182612610325e-01 5.223624818055029806e+01 3.415124211906002405e-02
2.211165304989406444e-01 5.965951017853289295e-01 4.315775099760607580e-02 2.463646947843900747e+01 2.843343846856067891e-01
2.095222849564988277e-01 8.993602055083602664e-01 4.802857637893875875e+00 2.278110045078547685e+01 9.871568398525812915e-01
1.739500286834144482e+00 5.125614519843365580e-01 6.416172222576890682e+00 1.758553841978289256e+01 3.001374181396772034e-01
1.084779180763886380e-01 2.347369873467610446e-01 7.123917715456796751e-01 1.176591382517974012e+02 4.466926393732347234e-01
4.936552671878672860e-01 2.341386719450341491e+00 1.600791957951503752e+00 1.139721809478398207e+01 1.254898502751796430e-01
1.028096804806551745e+00 7.756089548874716133e-01 3.593786566865899257e+00 4.663673944671704596e+00 3.665001421793323000e-01
1.501417742834328495e+00 1.190563339724071135e+00 1.729750233512284963e-01 9.551266299828866124e+01 9.125598978620259594e-01
6.829238093410456845e-01 1.698205319784840794e+00 2.345198727730447796e+00 1.024340747383131323e+01 7.033703889529999698e-01
4.558801845812742726e-01 8.255757068101151619e-01 5.487294499720432484e+00 7.830067341090114041e+01 8.884768206314123951e-02
2.375905483124371997e-01 1.558553948090528893e-03 3.330727589738931016e+00 6.033598114590478190e+01 8.177473175041087561e-02
1.409927605231548808e+00 5.817495615595007497e-01 4.811176387504142227e+00 1.869062386176149060e+00 6.904238560991491358e-01
2.129201814721294550e+00 1.055645336764534203e+00 7.825928874491945741e+00 6.894414194366189008e+01 6.632807077364361037e-01
4.160365310995872701e-01 7.835334911090106880e-02 3.196524064056111669e+00 9.521435771362480693e+01 2.236505403106500700e-02
1.335856856568004236e+00 3.922116373381093091e+00 1.209185400987824455e+00 9.891677467962010439e+01 2.854896751505507368e-01
4.476855084316703204e-01 1.119128937456037726e-01 3.382795030924929947e+00 1.020771466189347194e+02 2.163102743719734489e-01
4.856192939912303275e-01 8.872196746452634120e-01 2.346062091512223002e+00 9.154966365981174192e+00 1.490328522260962740e-01
5.309997016667297176e-01 5.678587447233253600e-03 4.467579352234996470e+00 1.294629082956531647e+02 9.236097573119135540e-02
2.803195116424351818e-01 3.272204650610324617e+00 7.959105265744799595e+00 3.078228485295691286e+01 7.130438672256419474e-01
6.224478939586286508e-01 4.127276499875007776e-01 1.070947606229960591e+01 8.567122585733359585e+01 3.987565015220090880e-01
4.283171596382229218e-01 1.282128433025516046e+00 2.517770609081895206e+00 8.024305887880436217e+01 1.984376409945650677e-01
4.473133973323553669e-01 5.471355068532010035e-01 5.935200477241522776e+00 7.078517558630919382e+01 1.338929830160415224e-01
2.093804158013636563e-01 5.215709604599387816e-01 4.404875341469547956e-01 2.652394684654664658e+01 3.059291604057939179e-02
9.359754646572809866e-01 8.192713079602663706e-01 2.697187266159835062e+00 1.273834997166317038e+02 8.180757583259062882e-03
9.292997839200624680e-03 2.051856045673246864e+00 1.390917247146337132e+00 3.698257743490545977e+02 1.899046097692823343e-01
9.664561039513861473e-01 3.523793766276551498e+00 7.855340300485215144e-01 2.263382448694966058e+02 3.154967571471377630e-01
5.048881313391369030e-01 1.553541617051309220e+00 1.094632337313726111e+01 6.586717995501280143e+01 8.816368527304644168e-03
2.452174290915422716e+00 5.919229455445931126e-02 1.518649387019006314e+00 6.973039102507317466e+01 2.199842453690010191e-01
8.723719825895850377e-01 2.187303120638454779e+00 4.228086280880919978e-01 8.959993498168143944e+00 8.708449915079499726e-02
9.708380609730841992e-02 5.514682279887442862e-01 7.914259525466897927e-01 8.050841469109408877e+01 1.287876932780437134e+00
8.376185911765198222e-01 4.406667975735784615e-01 1.479675202690437619e+00 6.037201304731584059e+02 3.306913965534351574e-01
3.371176766826991411e+00 2.360532194739203560e-01 1.087318440201714642e+00 3.397143107472260226e+01 2.048929810188592215e-01
1.061946923519468289e+00 4.276248668183977863e-01 2.066258006088177446e+00 3.312930603330562462e+02 9.279886619860708286e-02
2.119123083275127051e-01 1.177054194285110711e+00 3.674393338070459869e+00 7.277652647197926683e+01 4.739457211024616368e-01
1.614684928704501532e+00 1.260593809625618067e-01 2.023153921520729259e+00 1.992121484040491168e+02 1.037758350440300542e-01
5.200141804465283624e-01 7.406959473527767734e-01 5.617065141573663878e-01 4.360450292279460172e+01 3.822775078543697719e-02
5.166142990993859208e+00 3.583304815179170211e-01 1.835475146035207672e+00 4.194328256451412784e+01 2.635765582575985699e-01
1.895521187555436526e+00 4.994094361273813676e-01 9.463373670101297153e-01 7.023632588279669164e+01 6.372307840276388857e-01
3.759938046569624159e-01 3.031197034009273095e-01 1.345133322544119103e+00 1.488650582272975100e+02 1.387723751706550768e-01
1.233628685758529242e+00 4.537438188450872434e-01 4.478713344748621594e+00 6.441298853011139691e+00 2.579240528320339565e-01
1.368012565522007951e-01 4.643621499910436379e-01 8.017718098195500076e+00 2.836879031770274651e+01 6.794018758967886873e-01
2.889442402101136675e-01 1.215087816007559551e-01 3.868303181774917832e+00 9.581553360187504609e+01 9.359243254709019855e-01
3.391010969208008152e-02 1.927897805799784758e-01 6.878598132503395135e+00 1.285526216413495035e+02 1.706800723982156709e-01
5.641905557583106745e-01 3.495049496138277756e-01 4.707437321975300293e+00 6.555922789576868581e+01 1.087556526902978327e+00
7.552066823098048109e-01 5.418348382563992205e-01 4.778504791949880648e+00 8.484408216741947228e+01 4.883765285057613537e-01
1.562440086637824965e+00 6.235019605362513984e-01 6.594854797585968598e+00 6.564934165782282207e+02 1.856707823842098370e-01
9.636849294143420286e-01 1.037801794622282614e+00 1.078453059417423088e+00 4.532146223660514295e+01 2.462992075355279198e-01
5.948905467993778062e-01 9.798528751501779377e-01 5.397144467079708186e+00 2.135178076315235529e+01 7.191529254438222551e-02
7.429387986578637193e-01 1.359867399015219913e+00 2.455677377471983558e+00 1.412980558317944713e+02 2.980271125509624253e-01
7.271477293404363662e-01 2.346261906397016928e-01 5.153248734395871056e-01 1.255070055422228705e+02 8.889613512055451194e-02
3.752078155777725521e-01 3.594234178864081364e-01 6.883874513537822093e-01 7.399459667112647310e+01 2.263518070361546786e-01
1.881418140237046399e-01 2.145252300913353949e+00 6.202342500441754503e+00 1.888162759261262806e+02 4.651533717506490251e-01
5.140754479657246856e-01 3.892671915114377379e-01 6.764725848759598925e+00 4.397527953263384859e+01 1.299580528227849419e+00
1.388040131422144663e-01 5.898469307948717155e-01 8.192717758610620349e-01 4.042108291778130358e+00 2.012786487578321348e-01
7.382932816539500287e-01 7.358640706598150727e-01 2.266428761562732763e+00 1.450384447939086563e+01 1.820642390780842779e-01
1.056384074558227137e+00 1.825374373144014184e-01 1.203733818480527407e-01 2.147277755481257486e+02 2.230559883378045172e-01
