1.166631832546259462e+00 4.227831846466430399e+00 1.531366923143643866e-01 1.424216976795543710e+00 1.984680175682287828e+00
1.907415569651653930e+00 1.054166991328052916e+00 5.567371698364924348e-02 1.313853748026067469e+00 7.082419382959198595e-01
1.922015582777583997e+00 5.139256459046309677e-01 6.832238748856606092e-01 1.233080743076564900e+00 2.900269279448419724e-01
1.500385372333340017e+00 1.044755297001290079e-01 1.514058210470805299e-01 2.026758110803807522e+00 2.659836228668914782e-01
5.521157964782535954e-01 1.548526690122628446e+00 3.662886326973826101e+00 1.824978565017876808e-01 1.637721145472979423e+00
5.512357752527989874e+00 1.507273629341180587e+00 4.452213616129906959e-01 4.574690835126418720e-01 3.788372967748547260e-01
1.881910594588918739e+00 3.198695255499358847e+00 1.796985939724366210e-01 1.139197585967530291e+00 4.978634787872759926e-01
2.224144862031460779e+00 5.436907044289227553e-01 2.029934791137604666e+00 6.116272775223254854e-01 1.103330152768587702e+00
1.509952274213298251e+00 6.776082627084535348e-01 1.054477120568242610e+00 8.377492713455952922e-01 1.435567824563434458e+00
4.202576323466927777e-01 1.620796639667345385e-01 6.032168015441975450e-01 5.060826697669631002e+00 5.932249559014290963e-01
5.393165991748444243e-01 3.485447237017937461e+00 4.522045126104020096e-01 2.844178640266635139e+00 4.099210472757856549e-01
1.252328194131283046e-01 6.885755660131200051e-02 1.572023245248458101e-01 6.430856259410219211e-01 3.339232861812692632e-01
1.288555794287389311e-01 7.510582962811432339e-02 5.261576059454837750e-01 4.686249844597054071e-02 2.863572509136005917e-01
1.611264187528689495e+00 2.201750504075293602e+00 6.434511377760440132e-01 1.856443192831130018e+00 8.209666147978187389e-01
3.455342718400090662e-01 1.410573014677148629e-01 2.842151058664425634e+00 1.932371801828202118e-01 7.984193086615761770e-01
1.887831299209939750e+00 1.676232946817374225e+00 1.622950183023032844e+00 1.730743934082844271e-01 8.913959066970355005e-01
6.732872616201474036e-01 3.413611387484136728e-01 2.322664480257704556e-01 3.693832040134193556e-02 8.273424401855875576e-01
1.308787656514108111e+00 1.039256307833787002e-01 1.350386391993214641e+00 1.721630704861487615e+00 1.516030571911748615e+00
5.988681323232352381e-03 6.927178714181625452e-01 2.660659901912212355e-01 3.721271875363946213e-02 5.324572068618403931e-01
1.174940874735754814e-01 8.911088125519583958e-02 1.179272205993024070e+00 2.351513565592358468e+00 3.013992994140982096e-01
4.052949888238541187e-01 1.817008012057305388e-01 2.532828116847161581e+00 3.064856404618102381e+00 1.273887939819609461e+00
1.127108004125165985e+00 2.656846794050248484e+00 4.711646322648970764e-01 1.392046237120221797e+00 2.557318098893055502e-01
3.025644500780816024e-02 2.697714468671520704e-02 5.094924433175381795e-01 8.385430795291052286e-01 1.163996986615487117e+00
7.318964765715101350e-01 1.606219685771539396e+00 2.543877599592032634e+00 1.160954033937352747e+00 2.264810492432091760e+00
1.658703833091183855e+00 4.631327070596585327e-01 1.567910876960093791e+00 1.391467360547553878e-01 6.644132809622553815e-01
2.696067701695933905e-01 2.601962903485016687e-01 9.740853908026923802e-02 2.428806215434810567e-01 4.049963521664397881e+00
4.885017398376926834e-01 2.163040965623948431e+00 4.575742443323428943e-01 6.088947713974188769e-01 1.048796982782721071e-01
5.236932603149040411e-01 9.912422960061839650e-01 3.374643862468770461e+00 1.799624470284690192e+00 1.163248203417772686e+00
1.198109544578483288e+00 5.174924154856189729e-01 1.707722557402138047e-02 1.576869826261656504e+00 3.470328740446096960e-01
1.357942822621815315e+00 3.083034973049012528e-01 1.995047035040603892e-02 2.666429015542778114e+00 3.284377479501550678e-01
2.720488592571412845e+00 8.224509265274411174e-01 4.556172318958741363e-02 1.002366050631367522e-01 1.688692587624661900e+00
2.559154735866581848e-02 2.239942959744656292e+00 2.046380633947259664e+00 8.845589321506446001e-02 3.343646563382443593e-01
4.935110372440414950e-01 3.792517495556089746e-01 4.912655227929269355e-03 1.088494465644330278e+00 5.415670301224040362e-01
4.067385091966329441e-02 5.325844458747225341e-01 1.199946870545933880e-01 3.307430934538087008e-01 8.180515256315076256e-01
9.051435615173203386e-01 2.584181699959663181e+00 1.696970882124059221e-01 3.163024569037334310e-01 1.686824645954041690e+00
2.150626317715996105e+00 1.145165618833624277e-01 6.977648194863891318e-01 8.739293473808285029e-02 4.412744737558877972e+00
3.897648167556329035e-01 5.015434954794408817e-01 2.777625847126176328e+00 2.297484948674619054e-01 1.791226284637742916e+00
2.920626762476291050e-01 4.823370952196737171e-01 6.233877435863567629e-02 4.558774912829692272e-01 7.943010801015123468e-01
3.834909402830986580e-01 5.181213049254752845e-02 5.426906372847023485e-01 1.201173517325271556e+00 8.743640953902788171e-01
2.034459007073874393e-01 1.731137801594084813e+00 5.308889336774571532e-01 3.875864628092487996e-01 9.960365111814396544e-01
7.890348592084931445e-01 7.821821320815988132e-01 2.607912435553224606e-01 1.483533943424134804e+00 1.560266754410591039e+00
8.514346152302108006e-01 4.142937548086616517e-01 1.868782460247437216e+00 8.429082083738000941e-01 2.842905142919891492e-01
1.037926399090220553e+00 2.181044268034688094e-01 6.156842936253883458e-01 4.212133293193384143e-01 6.346683814788016686e-01
7.996824702550746622e-01 4.899677929024715550e-01 5.658506308305049498e-02 1.884374354107154759e-01 5.662757283714051626e-01
3.452437939727112659e-01 1.088686996231636311e-01 5.670175897411351862e+00 7.985848011899427945e-01 1.168706393599879378e+00
5.978191933357064336e-01 9.876712364008851663e-01 1.512315840970251402e-01 3.916324746783240940e+00 1.857023685800895108e-01
4.882943256645273511e-01 2.524956387664774482e+00 1.339096197611625572e+00 2.899534679329018871e-01 7.223053348970928655e-02
1.683566258173967434e+00 8.245514877396557196e+00 1.847366178900456291e+00 1.404550240627493229e+00 2.164098013791800057e-01
2.391548351658199234e+00 2.466182025535147648e+00 9.712122847891976329e-01 9.611573791691186974e-01 2.031581240863634452e+00
9.048615432172790740e-01 1.167592517680041020e+00 3.085211518118985419e-01 2.809856821008244743e-01 5.818866305714880394e-01
1.999417852731693257e+00 1.867303591148818054e+00 1.352755247251183346e-01 1.169524174806928940e+00 2.833605555673211818e+00
3.065247882961653625e-01 2.147007968204153738e-01 1.987679065856923222e+00 6.934319854436364894e-01 5.077430295593987619e-01
1.295649470896756084e+00 1.015056028569510937e+00 1.418931274129862530e+00 9.618439454678687772e-01 2.661522615215925480e-01
8.095398598081906538e-01 2.305392971706776428e-01 5.107629189146768667e+00 1.371694122844135423e-02 8.463321013305553642e-01
1.620218187062353543e+00 1.166363595334827696e+00 3.943500282259672640e-01 2.545786695210571438e+00 5.789925755183309430e-01
1.885425758832260379e-01 2.304595544687372488e+00 2.382330556258908244e-02 7.992784891114309564e-01 3.673906175626989179e-01
1.050452039271201898e-01 2.808050739669995632e+00 2.372178027798232391e-01 1.600947687087104665e+00 1.262945908764148584e+00
8.984064517568930430e-01 1.520932886228550385e-01 2.618546493375062401e+00 8.732415656433337725e-01 2.470403893460646483e+00
3.908410841853152684e-01 1.002167756651100791e-02 7.188468554281551848e-01 2.445888559884612512e+00 1.398687799275507349e+00
3.889137313280598973e-01 1.214376853966535469e-01 5.599779098833462809e-01 2.750350425356890560e-01 2.395235705607428045e+00
2.899196152741726484e-01 9.248028412065488757e-01 3.204622774504068516e+00 3.628405509504261772e+00 7.016121860104339580e-01
1.613825842426117152e+00 2.602523614511173533e-01 6.780598557688857220e-01 4.826371641931392897e-02 9.781536834550338955e-02
2.427815172562533874e+00 9.362830983361205561e-01 2.960575569682069585e-01 9.564722892995464187e-01 1.174843464830980011e+00
1.087506968504226235e+00 2.364943701932122611e-01 5.069311453163992676e-01 9.867763436686265432e-01 8.909683693665242377e-01
1.037004500056989270e-01 1.517100252353228429e+00 4.444126646264333624e-01 7.956309199233911889e-01 4.280483136372540187e+00
3.556582831605725747e+00 3.122909884116871204e-01 6.862584726084270947e-01 3.823465589457883396e-01 3.347701529583112734e+00
1.506074627331383531e-01 7.924254448344973945e-01 9.945967784082414553e-01 8.686686142512367592e-02 3.676961004638749753e+00
6.475055365351054526e-01 2.953601493002713241e-01 7.426929687648748946e-01 8.013066830579037569e-01 1.395898009828426822e+00
1.740184804586207168e+00 3.415536847734702564e-01 6.320968208866712956e-01 1.048071208940154486e-01 2.919595557614991677e+00
1.445811417924885101e+00 1.178944957712107611e+00 5.663236943408750390e-02 9.190454228267617154e-01 9.767846384521395864e-01
3.220521561297698954e-01 1.699672179069285360e-01 5.336931222847220990e-01 2.033389766053784742e-01 1.480515981400898629e-01
3.796868799136736694e-01 7.227367905562140926e-01 1.464643429662234597e+00 1.686762616602555331e+00 6.222214589757386616e-01
1.642102078830460332e+00 3.067269710356766765e+00 8.755630009864364682e-01 1.694118311347311057e+00 1.184172963524584565e+00
3.723584566738941115e-02 5.461082723128464211e-01 1.247982346654374464e+00 1.242896899525326448e+00 9.733954636343253308e-02
5.142148073835721700e-01 3.265614029564007370e-01 1.968806503430825527e-01 8.049364622753250875e-02 1.573042412041977534e-01
2.852069094300224150e-01 1.807817377900689804e-01 1.215824214268966114e-01 1.793581084689750416e+00 1.282641337236450907e+00
3.095603158057218529e-01 1.869718999735720422e+00 2.272771604009022062e-01 4.397456302070716916e-01 6.127144032521532058e-01
2.926759319975373863e+00 4.620637734887250159e-01 1.042551889853751135e+00 3.380985826124025095e+00 1.386553826495609210e+00
5.157057640146115451e-01 2.307917385184265147e+00 7.338979966018237544e-01 1.817699686370304601e-01 4.276928110186651866e-01
3.859863117269187183e-01 1.200292566832585062e-01 2.003282079107922886e+00 7.603456406199848860e-01 2.238819516249516139e-01
