6.960240021035738467e-01 8.272454094363373978e-01 1.244990189973325112e+00 1.110454429819648370e+00 4.767710586980626886e+00 4.015724292427174519e-02 4.096198077342840665e-02 1.565651486051317931e-01 8.398286245201632694e-01 2.187838598553834224e+00
2.875687787477275090e-02 1.030170445671903190e+00 5.501843222883390228e-01 3.657007925573882434e-01 1.499477452297188172e-02 9.801989011169471855e-01 1.189238119460060084e+00 4.777618148200921122e-01 1.282054045520058860e+00 8.768096964153960782e-01
1.402754190096471953e+00 1.578575342700848649e+00 1.059869177921278077e-01 1.173660835973301397e+00 1.989364805374787548e-01 2.507050084520071609e-01 4.552809618778294265e+00 1.844558258967139874e+00 1.746562404660950141e-01 8.652794778831276457e-01
8.507067338123686095e-02 2.083390044741151026e-01 2.474023097735731369e+00 1.383223522828528340e+00 2.357152908045500261e+00 5.435696307012908290e-01 3.377165280736720010e-02 5.170173041481723741e-01 3.570764418868686008e-01 8.866537803299241460e-01
9.782368542036715478e-03 3.333323228943068095e+00 1.802250759568415850e+00 2.924855313327133111e+00 1.036631442773774774e-02 7.589059188626431363e-01 1.233234798713094271e+00 2.092095747229265168e+00 3.163427451246632938e+00 7.211535703138344244e-01
1.548542892269996196e+00 5.776965153054376412e-01 1.059370964326252551e+00 1.416685593803099996e+00 9.004978679333547342e-01 7.297256397239605397e-01 4.207964568590853438e-01 4.910113183826322891e-02 6.207273941803517214e-01 8.713380485417663301e-01
1.859209303200811014e+00 3.252746881090784470e+00 1.241014263027815367e-01 1.243268029740067331e-02 2.467321390797201086e-01 1.100972519890273948e-01 6.197498330875184092e-01 9.928198483702450616e-01 1.846873259353284114e-01 1.681776914535589307e-01
1.143693769650118847e-01 8.080790859345466925e-01 1.840726439702669248e+00 7.049535173760508311e-01 2.890445782436278144e+00 1.531315596760572495e+00 6.450575939731388875e-01 3.959381754045411816e-01 1.515371719985985299e+00 1.155060596391789679e-01
1.445873353562066921e+00 4.250553931207524450e+00 9.337572076884539940e-02 2.745796741650600836e+00 1.259670158596618572e-01 3.576665937097590620e-01 7.363707390126259522e-01 1.004614497926242522e-01 1.868485169384707656e-01 2.964035138817811443e+00
1.377666061468071357e+00 4.171823944308512000e-01 1.986781844677195430e+00 8.273868008232172777e-02 7.233804127526786143e-01 2.191539031821069461e+00 1.690242088056711278e+00 5.755103112056534354e-01 2.150009181649055467e-01 2.437498616215845626e+00
2.438392162092771764e-01 9.323738134963128754e-01 9.643784328270339490e-01 6.893896796759979573e-01 5.416312541657541946e-01 2.589000671651492613e+00 6.199051481952113640e-01 5.014967552490182112e-02 1.024462344244812112e-01 1.753087520827203649e+00
1.056499259092129828e+00 9.112745353214251054e-01 1.744127594836795359e+00 9.602257707055986136e-02 7.677831004993690422e-01 1.719653609280938245e+00 6.761139322717931721e-01 2.351384800619139848e-01 2.623589014517075380e-01 4.098373204521165158e-01
2.264361815018527957e-01 5.158352770193354031e-01 1.086963662793930974e+00 4.586620998912242508e-01 1.653874971478890843e-01 8.628737311388589015e-01 5.377515559567217496e-01 2.376195627296239787e-01 3.963663870514463894e-01 1.763934781699144860e+00
1.274559696680082510e+00 2.243304801285178063e-01 5.309523560902832395e-01 6.142411360510455914e-02 5.943507290888905281e-01 2.001846518404887948e-02 2.517758742065101973e+00 5.544428819636604278e-01 1.236059914846995567e-01 1.155727278291671101e-01
3.674578014484738198e+00 6.646450910460324213e-01 6.732641372773626176e-02 4.365992635484162721e-01 1.172257315135838071e-02 1.687279400125093198e-01 1.809538727043038975e+00 2.470666367876904523e+00 4.287386889862045414e-01 2.375378623782961274e+00
1.396130435917684265e+00 7.549355602173110635e-02 1.115277651062209774e+00 2.014127686638095049e+00 5.171249579935360136e-02 2.539611077445645293e+00 6.955876566202630340e-02 1.611388242175488539e-01 1.099494157284638396e+00 4.318744487513588859e-01
2.608537777261886736e-01 4.547957783618316596e-01 8.910543666438047739e-01 5.406511468559058869e-02 8.271495553150257640e-01 6.697928040895766155e-02 7.411248227416282752e-01 9.227803174767894301e-03 2.873509601380161167e-03 1.061997205518394050e-01
2.316109085732790174e+00 5.679136634983883436e-02 4.733669877985741681e-01 6.023788168890195083e-01 3.230684003212875299e-01 1.466433268686131719e-01 1.418430868316699289e+00 1.482577196129058139e+00 5.016761090357377967e-02 1.054204192926832651e+00
5.061409446076960972e-01 8.821498246196872728e-01 1.120903324499070264e+00 3.255293325577448549e-01 1.704037765055150255e-01 2.502249644983052246e-01 2.704599493234931984e+00 4.668427375229704523e-01 6.154169381685508089e-01 4.166511184235814902e-01
1.484138359146549291e-01 1.060578562361550681e+00 2.898194385057049516e+00 6.413527133582792583e-01 5.526686747158384705e-01 6.192852022790434896e-01 5.496682090779270169e-01 3.662775066612364849e+00 3.108736143888161108e-01 9.117029776145894049e-01
3.284602400158083135e-01 1.204546750261184185e+00 1.090003693164210731e-02 6.067069491493087829e-01 1.033099398367559596e+00 3.437683710832318829e-01 1.320425516603358773e-01 8.766414601637093074e-02 2.484157508198023834e-01 9.511714994806046153e-02
1.195195658012747908e-01 1.280513488913122000e+00 1.327553022373350489e+00 2.073938906654335224e+00 6.824797920977844212e-01 5.980103055238403797e-01 9.536597854642050454e-01 9.479382909769346055e-01 1.443322551858729152e+00 4.745430760000984294e-01
6.288147567775274061e-01 1.580857631743526559e+00 9.470858722376164496e-02 4.212473445841955488e-01 2.267560347616140726e-01 1.749467729779479397e+00 1.454407198195198037e+00 1.104469016239678636e-01 3.049221159230756761e+00 2.787512860394020908e+00
2.737875278656665690e-01 8.705311569633761293e-01 7.500824697885051240e-01 8.777822002756989761e-01 9.908439649358979917e-02 7.468105652942030881e-01 2.892511464472738769e+00 1.075425813144264664e+00 9.381978440990477175e-01 9.753241399443360882e-01
6.595449642753031805e-01 2.302984651663420035e-01 6.236750362592471397e-01 3.017074450117707696e-01 1.668826627255020290e+00 9.529459901861200288e-01 8.124078760344426164e-02 9.562456176163428023e-02 1.016779327306396752e+00 3.294155187573968857e-01
9.688794356671112107e-01 6.374849276491040273e-01 4.460134597546644430e-01 1.690720568823464096e-02 1.211373426787807572e+00 1.365417162255376571e+00 1.921992356158216397e-01 7.723851058355353238e-01 7.726857208324962312e-02 3.029834244370955165e+00
6.928173780158360939e-01 2.171528370953348386e+00 1.582470496768370483e+00 2.329658668526974008e+00 5.781349533167974286e-01 1.875868225840437997e-01 9.212224282702731193e-01 8.486483271284677166e-01 4.664730942567498623e-03 5.209395991083867195e-01
3.380782466923668128e+00 7.013839527744899494e-01 1.392817207624658549e+00 1.670064547770186536e+00 3.319259177082279910e-01 8.678478423215213455e-01 1.362686174751738810e-01 1.800462348254650846e-01 1.817935026864096471e-01 1.354376470368129914e-01
9.027897862896447911e-01 1.423157472259120926e+00 6.227174261172693237e-01 4.951247597897014824e-02 1.632357431009439974e+00 8.959894230137928073e-01 1.157441074507195466e+00 1.312844579591996297e+00 2.948004000890120935e-01 1.147937560945280211e+00
2.335126941698216552e+00 3.821476040979205901e-01 5.261669905041630457e-01 7.505048726355306732e-01 2.054330029260284518e-01 1.622877009335270904e+00 1.463458350403519903e+00 3.650979436662432853e+00 1.500456387294580030e-01 4.752166138503673976e-01
1.601451583599567075e+00 4.512136485407622910e-01 3.208553906304311386e-03 4.437284907632243147e+00 4.066289011558040123e+00 1.683490933048207017e-01 3.949342479478938905e+00 2.068697285258149332e+00 7.865260741565491820e-01 1.830713767456986218e-01
1.286896834263715206e-01 4.363794608585483736e+00 5.804955093202593952e-01 2.528133668857959412e-02 5.256220272539074978e-01 2.318878391475138745e-01 2.101986901488744064e-01 1.367842708158424125e+00 1.285217769299771717e+00 2.373625049816825705e-01
1.251530197327458627e+00 7.462927878162579631e-01 5.505630146708458961e-01 5.583758099881586112e-01 1.977906271148366646e-01 4.020706337810971975e-01 1.289416231686836056e+00 2.521594141084229634e-01 2.997258036586358254e-01 1.776517667918551258e-01
2.339119150781876932e+00 5.148317767610637752e+00 8.854859472188363334e-01 3.925519327683481968e-02 4.355467985443725598e-01 2.481268953894092411e-01 6.579220584945453254e-01 1.985919016650368185e+00 9.250813261050468139e-02 2.845528716109029799e-01
3.003680199487771763e+00 3.169489677573885889e+00 1.464912018493239598e+00 4.825377894590673122e+00 2.160264893565818412e+00 1.659780793292294776e+00 1.617515416855511701e-01 4.723576818127146915e+00 3.476872459522285519e-01 1.173675171034950504e-01
1.223263086451549020e+00 4.343484653610956703e-01 2.267539334391981409e+00 7.633604636176591907e-01 1.171208316943161298e+00 8.104848686782486489e-01 1.118715015551705161e+00 3.408365831382605959e-01 3.228170564743329529e-01 7.589697579479581790e-01
8.606255770195969657e-01 9.372018537478834510e-01 2.696437721893526485e-01 2.800819616927286315e+00 3.126624132807510059e-01 7.453884972681860954e-02 3.666334264003121013e-01 2.949163624920339566e-01 7.461692039409494326e-01 1.270412582696714088e+00
5.992390161330925918e-02 4.098212937572605630e-01 9.651901085429569482e-01 2.372544172829456066e-01 1.748771048224317948e+00 3.552329702100044395e-01 1.612885562782674365e+00 6.616094362095580328e-01 3.701425522229875864e-01 2.912137139126115493e+00
1.396487892929615837e+00 2.231649183085609722e-01 2.757347883748801909e-01 1.547522743651216448e+00 7.638653624614146764e-01 1.494043423782047755e-02 2.273734372099722290e+00 1.528435667609381543e+00 3.640198797080682613e-01 5.154449826028516535e-01
6.469006299778857771e-01 4.259908809526327667e-01 3.056685149687311531e-01 3.495010752290604317e-01 1.224453707316189632e+00 3.250766434316828546e-01 7.360294957528203952e-01 1.388120589197703314e-01 1.355529176107064915e+00 4.090597079735997177e+00
3.010145170580651008e+00 8.824777197355622438e-02 4.107029891250941200e-01 1.300023748702774151e+00 7.339130301693272962e-01 7.702817847385332040e-02 9.278826636166124242e-01 1.001565450848179273e+00 2.288199330657149311e+00 3.541140257675358671e-01
7.105330407323166009e-01 4.776763742144723990e-03 2.515476835935306910e-01 6.882265167755918789e-02 1.392031681626008845e-04 9.456037145173765701e-01 6.169766949728330285e-01 3.102070789378228444e+00 4.026782312337130465e-01 8.816258394273795984e-01
4.211670455455409634e-01 4.662993227001326416e-03 4.356288445152903255e-01 1.824813440973469258e-01 1.092146077811107230e-01 1.504333772245637357e-01 1.295741431032133573e+00 1.421755545523407660e+00 1.025333682068532148e+00 1.372575392947313240e-02
7.206323870303530388e-01 3.973042367610915004e-01 7.318304147838898821e-01 8.553412269016593683e-01 1.283462513548924377e+00 5.532774607407594525e-01 5.358078322949436645e-01 1.591527367557079853e-01 2.795508163000581803e-01 7.969419088394478212e-01
2.726347835843382583e+00 6.513358180685555610e-01 6.357922579391347417e-01 6.868730855863814933e-01 4.536702308118733540e-01 6.597362623255710323e-01 5.165612143282191093e-01 2.152924192041645757e+00 2.994943267611721027e-01 4.330231577307540825e+00
1.258176991441262826e+00 7.150875961607379427e-02 3.273671695850455698e+00 1.051022592107351689e-01 2.291989269354519423e-02 6.279874868763845042e-01 1.151313111216898832e+00 3.521824767359039932e+00 7.327660168282487119e-01 1.124082340015948034e-01
5.610158719252920090e-01 7.205903617139920725e-02 1.318766958359913755e-01 1.213513701311229376e+00 1.623215779901417966e-01 9.703578088879530883e-01 7.309842865104921872e-01 1.858418302527973687e+00 1.185266957595243920e+00 1.185905275128032316e-01
6.765239705964247729e-01 2.866322016001054518e+00 3.356247678477901342e-02 4.539664950908834512e-02 1.709102953990696117e+00 2.626780888093648958e+00 1.287381648398583378e+00 4.400555644072172701e-01 2.178399767795974551e+00 1.355052311887164240e+00
4.377096159784541474e-01 1.118093386442065462e+00 8.288838947982600514e-02 4.081604104653732690e-01 3.603198067738873966e+00 3.732943663597843020e-01 2.248451394324540775e+00 4.416154839178616509e-01 4.193047791149377979e-01 1.924133656700063977e+00
1.406041116902651267e-01 3.553995621602946686e-01 1.334859872152808768e-01 2.205895932761660072e-01 3.753931231775946287e-02 2.649078553902029398e+00 1.973547873530197005e+00 5.797215973270829492e-01 1.546241041098609603e+00 1.531316077841133882e+00
3.126284351472972678e-01 1.417552024922572040e-02 3.211538772689831234e+00 1.934050952338477014e+00 2.131564375774593678e+00 1.201936528952043171e+00 3.240746297360884709e-01 2.908616186349598731e+00 3.486257930420215700e-01 2.229976049358805834e-01
6.906704070284954700e-01 1.993050533991136686e-01 4.240309571897758367e+00 7.553729373419635351e-01 1.283092422546774136e+00 3.260845061053860294e-01 2.242167164945839009e+00 1.592085714960108422e+00 1.996316686007861829e-01 2.703105561650600563e-01
1.765674123030835929e-02 2.758698688531707077e+00 4.715017578979154300e-01 4.313808202190204666e-01 3.615085314202524658e-01 1.280284425869306075e-01 6.633974700137473812e-02 3.409144859920840154e-01 5.351702703920824256e-02 1.433759499748826771e-01
5.119288380378959502e+00 7.349709738916122559e-01 5.136981024485783864e-01 3.836868266889095769e-01 3.230038175057668326e+00 5.993830233339930702e-01 1.217627307740501152e-01 3.131958541357501846e-01 2.650263605202452855e+00 6.180012874015705648e-01
2.003206969894572254e+00 9.598473254007996447e-01 3.367972939209963601e-02 3.513712650573378588e-02 2.026122204333195231e+00 1.767870159342234793e+00 2.105412949006398637e+00 1.314567961505637594e+00 2.866303900980034403e+00 2.883350001604881196e+00
4.857888478595321358e-01 5.182869256172956129e-01 9.989479461757667933e-02 2.053200953918347602e-02 3.283586933162329746e+00 6.221319534581819521e-01 1.124159284748051046e+00 4.699520001221750842e-01 7.746486068905846789e-01 9.021548295392336492e-01
6.443352144241056845e-01 1.028847853819046421e+00 2.769738924922411916e-01 3.358318054462012814e+00 1.492236110493656343e+00 7.781612836000348921e-01 3.603952544325283447e-01 3.605118316241829657e+00 1.038257337454908891e+00 1.170540858872253009e+00
4.682493451726143369e-02 1.595894485526179629e+00 1.047773300099574589e+00 1.341660598178137542e+00 6.935556677511871271e-02 1.479296724581121991e-01 5.255538451023213931e-01 5.735107325711688020e-01 3.167852134180831891e-01 6.476577348761000108e-01
2.852141747978629294e-01 1.179070931338306871e-01 6.611807135015129733e-01 8.619341584339241802e-01 5.881270058175083193e-01 3.931533846920516329e-01 2.165985277721966529e-01 1.248469333187492092e+00 7.685010038426169920e-01 2.005927843167997437e+00
1.436073480766867638e-01 2.198222275324625274e-01 2.299472743503535588e-01 1.968186450047876734e+00 1.029142777739239900e+00 8.209119852169375342e-01 9.008891062223000068e-01 2.381487664970435070e+00 1.170780694261031561e-02 1.925004350290524746e+00
6.297159354796115771e-01 1.985578062692317625e+00 3.760168792074491950e-01 1.011167261562687658e+00 2.903290488972420369e-01 1.022095610311651637e+00 9.286830535599415182e-01 1.705624139540398432e-01 2.679199625634772208e-01 5.646367543598557193e-01
3.717426880688941560e-01 8.692902658299858087e-01 9.700413517385207962e-01 1.877961351292341874e+00 1.116193669766733620e+00 2.855026439329098539e-02 6.675971433711843650e-01 6.793486488187582273e-01 7.453182202752731689e-01 3.795174194226336728e-01
1.879880863853003348e+00 7.957348436441664674e-01 1.797488338052107837e-01 1.613536364426846559e+00 1.533235684967974022e+00 2.196613094419621812e-02 2.564308229093024138e-01 1.478199583832823460e+00 6.844489402311050297e-01 1.373584661818863406e+00
4.140823860019327701e-02 1.275526234608788556e+00 1.167261366859493887e-01 3.121350377531046050e+00 3.395289156901846184e-01 6.315155638853816589e-01 1.007588181019339002e+00 1.223768364498337924e+00 1.011172039540376932e+00 5.133537649519400725e-01
4.817815460951264228e+00 2.678229152643458177e-01 1.490762245572590239e-01 1.361480213637695225e-01 1.716399154971865126e+00 4.502266734741065535e-01 3.089619974209227224e-02 2.785313211480443529e-01 3.463821512722154439e-01 3.471207643933545139e-02
1.234445243134748349e+00 5.567059718648974531e-01 3.163934991948587516e+00 1.252383527316942857e-01 4.200547732587900374e-01 4.364314713008217161e-01 6.388778940394664874e-01 8.997559561171404319e-01 8.698302216304655277e-01 6.968520409773382163e-02
3.304447741234752267e-01 8.356013390623447112e-02 7.597983584179590633e-01 1.591294623591003932e+00 1.663207413842534010e-01 6.924222748329648125e-01 9.749069715677280423e-03 4.642217997400455154e-01 1.969722687295879071e+00 4.258365180131990640e-02
6.336437442110307572e-01 1.776905722974618240e-01 1.192011043341259652e-01 1.189157006499751562e-01 5.729646998864836860e-01 1.120554653572154669e+00 4.832287575781399336e-01 3.744475550004225939e-01 6.424489572765949008e-01 4.691468118497514328e-01
1.071105569045775141e+00 7.094827684061599804e-01 1.112336607316158771e-01 7.194825917857086139e-01 3.123089667184642537e-01 1.076710538786157745e+00 1.054385673775704246e+00 4.282159701214744568e-02 1.461810221345343441e+00 1.670239143727362707e+00
3.440147842074719325e-02 1.479238406317249677e+00 8.320265343249561019e-01 2.463814990900073942e-01 1.579828537699475288e-01 1.322841344340366154e+00 7.157727037866067343e-01 2.262719096428228993e-01 7.860137469319072867e-01 3.768021275273675808e-01
8.352507443321242897e-02 3.508164520554470367e-01 3.618981275878518922e-01 7.352158534151637115e-01 8.370296896343041304e-01 2.266745083962554141e-01 1.240634604831490906e+00 8.043367762277446875e-01 1.312672288725937664e+00 3.213308407266725064e-01
1.374642520336119000e+00 4.580125797810540855e-01 1.658006277326701694e+00 2.213047336877487226e+00 1.674522600306989906e-01 3.893182681343815288e-01 1.368121546844054404e+00 3.201256780130985913e+00 1.300962933866893323e+00 4.488042343747213891e-01
4.616194816126103495e-01 1.356650164600271991e+00 1.418905699027470657e+00 6.174456484256458655e-01 1.555831781019484605e+00 6.622149679641227138e-01 9.115867467490138543e-01 1.814488828956885236e+00 2.115418545113655568e+00 2.152754872587645529e-01
1.319280010104256551e+00 6.326085075527072832e-02 5.115236364648207967e-01 4.160998557495548811e-01 6.538582707884145195e-01 2.744658893918477949e-01 3.775442808652848536e-01 5.900139554146985876e-01 4.342937644057944802e-01 1.158815614076953160e-01
1.507469667077075082e+00 1.161940832860571121e-01 1.220838113573054828e+00 1.870867122993461612e-02 2.901395090360159301e+00 1.053273435241545153e+00 1.416140553986008910e-02 8.271635302196251871e-01 8.983190004788845773e-01 8.993590147132347890e-02
8.885708446450563125e-01 7.918747920915256699e-01 2.115781370140481510e-01 2.793409174813531237e+00 1.005616016453166672e+00 1.270741989151748408e+00 1.235647773608734346e+00 6.776868499336405893e-01 6.046051953954349745e-02 7.595056827607798988e-01
3.211535338670576500e+00 3.932777634530205679e-01 2.625284822625983949e+00 8.535353389421418413e-01 1.967150327446229419e+00 1.165880442761331848e+00 3.402007312905264147e-01 6.369375293256734905e-01 4.157145003135341299e-01 7.412819756620042666e-02
9.025305454829669616e-01 7.374342204614777740e-01 1.227451619316870746e+00 2.456629696306079857e+00 1.795918489432024812e+00 1.287773165224232186e-01 1.026425439537927531e+00 2.494432692967906817e+00 4.743464266202231938e-01 1.807606084114015577e+00
2.856561663765179837e+00 8.477783706479811165e-01 2.207816320844347313e+00 7.409470807887510446e-01 2.318331484390790287e+00 1.429851371752319134e+00 7.137900819556043386e-01 2.186091243910491533e-01 4.155661262894252417e-01 8.659793099384778259e-01
2.263444804182072057e-01 1.688354395749306791e+00 2.428879211785327508e-01 2.007318499587965321e-01 4.020017450272723725e-01 1.003701931443173434e+00 1.081512399912280653e+00 2.414135993604920483e+00 1.016328972595874625e+00 2.115614757927146983e-01
6.348433695526636278e-01 3.542428861520680039e-01 1.066792771576926091e+00 9.209837330113364029e-01 4.052635845925148805e-01 1.570948696635641850e+00 3.045695032149567272e+00 6.302270559610884115e-01 2.383174526892527734e+00 9.329815052427423705e-01
7.109107652877771910e-01 2.358467854862544566e-01 9.949755569287960233e-01 1.329206758316262837e-01 2.935234266519062829e-01 6.695584563568344194e-01 1.449305855609092974e+00 1.251909215389177099e+00 3.997124941914837470e-01 1.125718585178469677e+00
3.497570125400971675e-01 1.128989994234825600e+00 4.971202611587298703e-01 3.788537195055055040e-01 4.355787135865500925e-01 2.527718560750292220e-01 2.205377094275536576e-01 2.182632576058601170e+00 5.752898591576949272e-01 1.302928281960633594e+00
9.401361034228687963e-01 1.918566583148785032e+00 3.452553283767037406e+00 6.832097713174022369e-01 4.343979774893734214e-01 3.791858159313322041e+00 1.668092468197454492e+00 4.157166239782009720e-01 4.458432636300088348e+00 1.744163485339690567e+00
2.706986598587095560e-01 1.177015512407385112e+00 4.772067088416503955e-01 7.936428490869932295e-01 1.502273061710055257e+00 4.789153579176938513e-01 7.942566204611155589e-01 5.060523874493912944e-01 1.125724983521827705e+00 4.057196777775009089e+00
1.707960953478592891e+00 2.441674348006059592e-01 6.393409200461024344e-01 1.151902548237211610e+00 3.657134477232664715e-01 3.310812518754389644e-01 6.322146883104430570e-02 6.674444721515151446e-01 2.124516057352061615e-01 6.836583242546671046e-01
9.814940561766877236e-02 1.004795330550656507e+00 2.209101149605037506e-01 8.628373033467290343e-01 1.213453583203555119e+00 1.414612349673669334e+00 7.001721891909644668e-01 2.781088391564581208e-01 1.260908520209893746e+00 4.348612316086322149e-01
6.607693518577943959e-01 7.130204382436661215e-01 4.348232010688450888e-01 2.556073784246128411e-01 6.024587591875818493e-01 2.875640473937325914e-01 2.352479678951212294e-01 1.127024084207705945e+00 3.652375305226405744e-01 2.129797174688515593e+00
2.785508813683007734e+00 1.156619825731242779e+00 6.471729719696832639e-01 1.893754496741932858e-01 6.789241988523079252e-01 2.262717688269532401e-01 2.132248384195399638e+00 4.875090514961981092e-01 1.501961223362309639e+00 3.684158788654959826e-01
3.828535623943696287e-01 1.440534632757642375e-01 2.187226759939090659e+00 2.938119047021138242e-01 9.371194860916434166e-01 6.034117123789818349e-01 3.968847980139129650e-01 7.544167894939880492e-01 2.011243179503207079e-01 2.480357260924197060e+00
1.791620005716687114e+00 1.144537323452166744e+00 1.285795495546814493e+00 9.277592580297275848e-01 1.695901975853867594e+00 1.428803109032268093e-01 6.200451397941184606e-01 5.388399631988940452e-01 1.103060294268266572e+00 9.630424328180227089e-01
1.124125242234255362e+00 1.534219444654415787e-01 1.637341507995844214e+00 2.184645051181887787e+00 8.939776503111429573e-01 1.065755522393277754e+00 3.683686703054395384e+00 6.667718029751634745e-01 7.567091682908248795e-02 1.135715892339439703e+00
7.541787670259497700e-01 6.904330017297733990e-01 1.657319781074174214e+00 4.694135401778564698e-01 1.240321277697259195e+00 1.408787733802671083e-01 4.520281808192853079e-01 3.013787463857666715e-01 1.707418705423942695e+00 3.342081768675263742e+00
2.301304388633986786e-01 7.596515993921172383e-01 1.226829631723249658e-01 1.754057739909493929e-01 5.336545778961455433e+00 2.329066931453260825e+00 3.808037953447261925e-01 7.877263379083356831e-01 1.354290156540318923e+00 1.287268343557539238e-03
3.295209867219914823e-01 5.783457908605791342e-01 1.270820361274193899e-01 6.132547172311772835e-03 4.530902669734005461e-01 2.536949693202745770e+00 6.430540268690987382e-01 2.174672316536293837e-01 2.962559540770159483e+00 1.575582217287534170e-01
6.311662517168655784e-01 2.200771367632972986e+00 2.756816825111358948e-01 4.259262345461851673e-01 1.595036611749022226e-01 8.643243336966361934e-01 4.371604731106715214e-01 1.235200769434912221e-01 2.049605076519663616e+00 1.655955185158581866e-01
2.598644508347050408e+00 4.185781587110885549e-01 3.658091713281577673e-01 1.809706890637920451e-01 1.470810696120587346e+00 5.607437269268598090e-01 2.320521903376480122e-01 3.894646635234351617e+00 4.634792772013671125e-01 2.048368015690292587e+00
1.544469212424137927e+00 6.178897557505027421e-02 6.569082443873716093e-01 2.687375375980970427e-01 4.239146672467618560e-01 4.185308496583827753e-01 1.605006823183415809e+00 2.985628014895445881e-02 4.539410008576087452e-01 1.613075405232913706e+00
1.952758857249836388e-01 3.559160125381541362e-01 6.740058490123492785e-01 1.844168972933348666e-03 4.298681757652612206e-02 2.796099306952427033e-01 2.946420075118755810e-01 2.475810695838490005e+00 1.702339788479116933e+00 1.288560186470778801e-01
5.239133142065111048e-01 1.180146935168822075e-01 3.374205069360033393e-01 5.343114131582871185e-01 8.520365152733201386e-01 1.187958312701311359e+00 1.165636907880124307e+00 4.282466959603819512e-01 2.591474855318030568e-01 1.074198259996467453e+00
