7.340279607986534005e-01 8.253597285953581109e-01 9.498080701258690972e-01 3.195359560651102049e-01 2.129125094211907210e-01 2.078594777419363535e-02 8.014105208586091642e-03 2.991329560468523940e+00 8.172047393406508542e-01 1.902488756021291361e-01
3.178348843642636590e-01 2.855686473645813184e-01 4.962360445551599608e-01 7.996655789015608140e-02 3.871297048236816418e-01 7.805542226733633848e-01 1.757328598658593477e-01 1.695075388837206321e+00 9.689254196939519614e-01 4.162429155367545874e+00
7.212561809975810423e-01 1.496450925146068034e+00 3.634844877228367577e-01 2.001045910864392319e+00 4.636306863229067710e-01 1.164349062497352261e+00 1.862564140096074849e+00 5.074279686284997037e-01 9.816216724512488723e-02 7.732136445468171804e-01
4.459113842416367879e-02 9.706492366343034625e-03 4.061185834084350965e-01 1.912315496758942857e+00 6.318444478572683431e-01 7.525490164076530375e-01 2.871380743817277814e-01 7.933306343026028662e-01 9.445034594575253406e-01 6.099846757586308010e-01
7.095045610856300922e-01 1.575492273181727798e+00 9.462021388693733215e-01 9.445911812958796006e-01 4.269421081468485757e-01 6.148286209472103581e-01 2.515319456422359656e-01 5.645344389080868552e-01 4.350004255025483602e-01 2.589889584198252770e+00
3.591462495721066406e-02 7.872249085065595453e-02 5.962128035614890909e-01 6.667855763522269053e-01 3.061376927281415083e-01 6.561625272577416117e-03 5.935957146713426447e-01 4.263205657243521185e-01 3.920764444943963256e-01 3.402330494508146064e+00
2.432341073970799794e+00 4.083624345474792805e-01 1.103298518503794678e+00 3.713974847129944412e-01 1.156580208464409454e+00 3.724710277461126817e-01 5.054186026746081417e-01 1.209646494200351086e+00 1.205879196604571629e-01 7.449853093605217635e-01
2.850679133111866381e+00 1.533025947311608794e+00 2.302478426979169199e-02 5.098859254945266040e-01 1.849763194565793301e-01 6.022252151708937795e-01 3.442939546360564984e-01 2.939134270120513648e-01 3.314797851289456587e-01 3.409203018243475380e+00
1.176581148230216034e-01 3.823570321793218874e+00 2.146069066978587292e-01 3.062123609105559030e+00 1.866965103443613438e+00 3.537988334745182928e-01 1.216567313927759741e+00 2.700550747295056730e+00 4.199088618728349931e-01 6.418654797841960580e-01
2.628056415989743932e+00 3.111780664293161691e-01 8.818054863325884840e-01 1.210831090484024486e+00 6.689666226178024866e-01 4.102883027908887925e+00 1.111406485300191038e+00 4.142696842763466059e+00 1.552678964992931343e+00 1.173277887509917461e+00
1.956046488376576853e-01 1.414913480912612265e+00 5.312370862314612641e-01 3.992348974986701382e-01 1.635501185765823040e+00 4.255819655389680434e-01 4.888700869595141163e-01 6.181540707150040559e-01 1.449183340479494708e+00 7.500171917978216696e-01
1.934611261047272102e+00 1.029410806865824479e-01 4.180679404705428537e-01 1.885460108393987699e+00 4.655347848951332246e+00 9.606011008493471615e-02 4.176865507666602806e-01 8.783048022110859776e-01 4.118883111257093388e-01 4.444603970194378917e+00
7.407047137536648673e-01 1.857939423356985253e+00 1.300447039390385306e+00 4.252083093495419019e-01 3.275242827241420795e-01 1.059769696750373358e-01 2.813288754197956099e+00 5.138485815084688824e+00 5.978662693706837672e-01 1.285373821732062716e+00
2.101890091555989881e-01 3.529468361187709124e+00 3.555230442023925574e-01 7.949614926532483361e-01 2.113917652355453425e-01 3.250799657278789778e-02 1.261203053510138172e+00 6.770026732259906144e-01 2.162818604390970734e+00 2.085889879318899576e-01
8.952852691463320705e-04 7.913181179745057414e-02 9.173367150874467413e-01 1.345461993796556399e+00 3.733470887701370589e-01 4.458503063563173718e+00 1.166003838907347046e+00 5.270746537660659925e-01 7.824607785567632146e-01 7.153393524099511680e-01
3.172286674897584757e-01 3.393154179705213935e-01 5.406917011773658688e-01 3.449845424217817813e-02 7.975201976667631310e-02 1.562630060323206393e+00 8.993692401222783683e-01 2.061594249402646017e+00 7.379579782966138035e-01 3.300854412950330996e+00
1.472989429320370913e+00 5.756069480286457596e-01 3.049233917892714141e-01 1.636545285150695861e+00 1.376891707760882211e+00 1.342919708324123551e+00 6.912168611690695519e-01 3.475556643881578256e-01 2.055914401868143671e+00 4.269873671111384938e-02
5.486339572947855903e-01 1.351003979239748354e+00 8.340072753364525804e-01 3.490967461539953298e+00 1.390333214476336121e-01 4.405654285167666107e-01 2.807367242565946830e-01 1.490065332737696924e+00 1.337391854528878987e+00 1.521346090369595894e+00
2.307083210253223216e-01 9.293732174404341351e-02 5.182048911930042800e-01 4.629062475554497902e-01 1.805212703067368418e-01 6.143110841246544052e-01 8.175602383321787237e-01 3.163030377175020114e-01 1.649996509801064049e+00 5.497878682276547968e-01
1.557455686392231753e+00 8.549198925605039356e-01 2.702198937357158104e-01 1.128771004234213393e+00 3.685079189513982278e-01 1.961915264708708584e+00 1.935755417581815019e+00 1.871222439237657076e+00 3.938743723489205317e-01 1.595836022608425053e-01
3.421663745438993098e-01 8.584779134748360407e-02 6.455840916029564891e-01 1.581590951534061762e-01 1.177524934777746779e+00 1.638266886522468935e-01 3.736352865261771128e-01 1.335356556379339033e-01 6.077256020526873304e-01 1.674625167066440934e+00
1.727862577780787889e+00 1.846148211001365613e+00 7.821749070188076247e-02 7.301050311066484833e-01 6.997653927331686230e-01 9.930914496864170493e-01 1.254885471128620034e-01 3.914836739970397050e-01 9.848944332576333727e-01 5.292390615183317770e-01
1.057746941738182844e+00 4.634668472781628967e-01 1.822348297869629041e+00 2.282292229385109561e+00 1.089963719875430836e+00 4.284187430530773250e-02 6.074267849871023417e-01 1.008990660772058234e+00 9.350245433997520506e-01 1.801937632290450564e+00
1.109635597116217925e-01 1.200801571752130176e-01 1.413926188299770459e+00 4.605146577357376869e-01 3.772419448835806932e+00 1.348158879447488578e+00 1.372701895187183663e+00 1.448910153603189532e-01 2.712866760402901645e-01 9.314412986240080405e-01
2.468307463951950609e-01 1.790703458182288044e+00 4.772999041970434897e-01 6.913231770376887519e-02 1.826536843685476308e+00 9.757576377944350288e-01 1.781650082610444219e-01 9.106828299424045425e-02 5.268429913607706183e-01 6.650829845406414087e-01
1.098561910278322840e+00 3.465597346766492670e+00 1.844363647873718426e+00 4.865663890460270591e-01 4.840039273356286365e-01 8.900675180880870396e-01 1.857105397769401200e+00 1.013620023479245180e+00 1.778922183275044866e-01 8.187164130878439305e-01
2.301870438285889442e+00 7.993357166024347427e-01 1.309708149782547348e+00 3.115884887351607180e+00 3.446598704897762211e+00 1.558777770085953529e+00 5.670852131369702107e-03 6.380969529106387261e-01 6.358572848251396736e-02 6.190286916586188459e-01
4.105085831101901728e-01 2.261237967773960522e-01 2.497199215664585026e+00 1.337769653716760931e+00 1.183999684211725634e-01 4.702072193829088254e-01 1.000935431954185217e-01 1.730095591949737388e+00 1.382112869203790950e-01 8.772101154973609427e-01
2.945291183216610431e+00 3.411356186534201390e-02 7.539862458378537857e-01 1.686901105100909737e-01 2.850751849775017277e-01 7.514700449656812609e-01 5.102862752603656293e-01 1.708579226563377851e-01 9.919587368776263542e-03 1.549892101731897009e-01
1.114739647611857620e-01 8.323183962946291148e-01 1.040202840247602234e+00 1.185421510834278269e+00 1.367051074172294323e+00 8.122515795038608433e-01 2.350931075038452001e+00 3.842729311087189625e-01 1.331905477585121900e-01 1.683145891384933137e-03
5.977019521724974416e-01 1.395383669849724839e+00 1.771341621180805737e+00 1.595184238269800048e-01 9.564251074823273413e-01 1.010365079657101761e+00 1.438056018063917085e-01 1.042258512146433169e+00 1.178899462958621011e-02 2.092804316514397467e+00
9.314223482960537481e-02 3.765073131401754369e-01 3.462454442440837665e-01 9.483353924887346631e-01 6.465868583421745530e-01 2.232416402816003842e+00 5.287224870317899228e-01 4.549012462146378999e-01 9.224655650698855569e-02 2.523032656226254500e-01
2.263909307814814476e+00 1.670771111769635331e+00 1.055683410531768479e-01 1.494946378364454764e+00 1.200652454615086295e+00 9.280714331575078135e-02 1.038530425896032394e+00 8.231948390275771743e-01 1.063050808328325436e+00 2.265712795756042175e-01
6.538092321582623656e-01 5.006626181028569489e-01 4.271540887889426624e-02 5.369973523882981548e-01 1.722491554108460221e+00 1.287235977779238150e+00 8.041160719928073242e-01 2.963442627955915842e+00 2.024308174629654289e-01 1.282407864063115577e+00
1.300078139348898876e-01 6.975530889208368945e-01 6.294821792405814742e-01 1.717083932473757235e+00 1.886301307440075625e+00 6.407262798692442418e-01 2.226312054290639608e+00 2.379600705706563790e+00 4.210127435887438541e-01 2.015799391196993265e-02
8.625930400432633149e-01 3.839871486066920525e+00 8.958235260169911118e-01 6.058104496383099891e-01 6.415877237049634196e-01 3.632007445164312509e-01 3.914963673255321130e-01 1.583095055587326883e-01 2.575605173338120668e+00 6.328856644680617982e-02
8.679083938570416601e-01 3.549751004236444962e-01 2.824776506155340372e-01 2.920423767633217871e-01 1.780687078932452483e-01 7.035929652823327274e-01 2.915235302118820981e-01 8.532242702875366680e-01 2.218165639657812549e-01 1.150330279394066318e-01
2.074030159630452452e+00 1.575301836898547414e+00 7.777139763210439982e-01 2.519425277885413816e+00 8.133483173019166734e-02 1.468383798715858113e+00 1.160110825793897238e+00 2.976281300547126141e-01 6.920761222438853721e-01 6.819989260147384380e-01
8.890860446834754072e-01 9.868060076012855619e-01 2.534519777191758250e-01 6.785531626531604577e-01 2.669950690261821968e+00 7.168898695300484070e-01 5.388810716257093347e-02 5.437809303900312807e-01 1.121885905558747565e+00 2.587985365913063052e-01
4.851969155986128601e-02 3.168585128476937296e+00 9.204916052690812478e-01 3.085119536567906273e-01 3.886955100644668478e-03 2.270484647882211604e-01 2.184711346359868855e+00 1.573618513694093612e-01 2.980533596361918391e+00 7.689235486660703778e-01
4.150283136811488416e-01 7.111933365789241401e-01 1.247953053510731269e+00 4.437781946730899874e-01 2.208704191581490672e+00 3.020304269716701739e+00 1.665353704277254820e-01 9.812890081933665076e-01 2.654649922901906600e-01 4.262634436952887351e-01
2.759090981795535136e+00 4.409938677739635299e-02 1.874797764661802590e+00 8.995570723113838207e-01 1.019816157659569456e+00 3.764807367005350014e-01 2.022316872145845768e+00 1.978401128361594097e+00 3.553651559711415997e-01 3.264906103572136065e+00
2.335352983179775688e+00 1.785164358672912455e+00 2.124161063404157002e+00 1.157892697181555963e+00 3.556810730692509803e-02 9.052967838259473599e-01 8.073551538658679805e-01 1.519414812791394009e+00 1.272806405002882835e-01 3.002215222599494471e+00
3.711750248440265354e-02 1.084275278945542098e+00 4.154414160314507942e-01 1.369500893568018074e-01 1.849323699779514829e+00 6.316869375777383055e-01 5.084189834345776982e-01 1.625483932712516566e+00 5.206112702476689558e-01 7.773240359528891252e-01
8.318497469270957900e-01 1.154265603582880217e+00 5.607770373723016677e-01 9.892004876674750924e-02 9.057028978548451459e-01 1.741083231197040337e+00 1.635258296825000901e+00 5.070802880145311997e-01 2.807586377022929236e-01 2.518280733424126616e+00
2.930983924659221529e+00 1.002481904937658319e+00 3.713821015021001148e+00 1.233105088191205345e-02 2.810434906107464603e-01 3.102436402332490739e-01 2.213135645190903236e-02 2.443133175448924110e-01 4.499026593641237137e-01 4.652767678803378715e+00
3.309489958115921393e+00 1.451887663024635566e+00 2.263831353559332127e-01 2.225989389026302168e-01 2.422157326645990594e+00 1.762512016438534390e+00 1.760853116315743927e+00 3.959011489601455547e-01 3.442101555657866019e-01 6.341050988219305573e-01
7.292276255084275682e+00 3.102609121286305172e+00 5.869714412312555529e-01 1.066143344886394395e+00 1.116204405025554180e+00 3.292425428356435813e+00 6.111941464510231570e-02 1.845635274472470666e+00 1.729255101884737078e+00 2.321384461512261965e-01
1.448662354996516743e+00 1.030822802655928960e+00 1.671430314647295301e+00 3.122951532743322822e+00 8.311605021751956868e-02 7.056988159890776879e-01 1.200512270945654159e+00 1.858904402663708322e-01 7.294819852524164761e-01 1.572044491742049244e-01
5.187140770943368118e-01 1.042708179591139261e+00 4.356705844031960595e-02 6.871197294937559930e-01 4.339596191316847928e-01 5.863010698411973420e-01 5.505790954746215826e-01 1.317519547478224640e+00 1.752835862119150323e-01 1.301522724698105371e+00
1.407584758382452339e+00 4.755623960274912299e-01 2.559555319263698281e-01 4.795065993884732314e-01 5.053792030982182798e-02 4.461965912183752936e-01 2.800719419282713396e-01 1.340178452910036067e-01 2.966861949496161222e-01 1.445133829213958720e-01
1.472037077882952794e+00 1.316300037391975319e-01 7.515511311396183558e-01 1.247762081310873850e+00 5.738253536375294006e-01 2.023319754243313007e+00 1.464313619929943133e+00 1.067676708182113909e+00 3.226636886402116655e-01 9.086335367565693266e-01
3.175352883804614113e-01 7.448625931081993834e-02 3.469387010343027544e+00 1.827260240584145601e+00 1.804088366207492244e+00 2.484837598103159517e-01 1.135789947787651660e-01 3.602719641685922514e-01 2.486426893381953329e-01 2.472868008842293019e-01
1.550936429448745990e-01 2.771540965065460327e+00 7.569027923637726696e-01 1.380508382584122229e+00 1.622476707554874720e+00 1.932889920431986042e-01 1.100672147669154860e-01 4.665733097888692393e-01 8.439759907512723869e-01 9.836796084136157914e-01
1.007930659518094796e+00 1.326725105245113723e-01 7.801314857508908629e-01 1.323316461929223253e+00 3.448138620431293599e+00 8.869044815944328031e-01 2.554075925396694480e+00 6.663786556265667294e-01 1.239356676068652297e+00 2.215507322650322131e+00
5.971673030019162276e-01 7.234735820931317285e-01 3.142118389917705201e-01 5.032422262491097475e-01 4.676322452962893839e-01 3.782452600714083513e+00 4.103273736181376613e-02 3.823614308463794687e-01 1.617842021554310117e+00 4.772052944809089814e-01
5.413947350060008268e-02 5.065735897931848974e-01 2.856972899068456195e-01 5.377446664934873333e+00 5.271026604879518879e-02 7.288691180199403652e-01 4.668065485662525882e-01 1.586281370964145898e+00 1.557144588743185620e-01 7.333485353295571274e-01
2.155577151256121038e+00 2.830710434537176301e+00 5.297341753867462755e-01 7.023867783524198050e-01 2.127227631977023428e-03 1.918791053376384115e-01 2.262174786324230580e-01 5.044171889362641936e-01 1.865487936195526775e+00 8.114845727866573100e-01
2.774943634358441602e-01 9.767534465745769667e-01 1.027153522523145845e+00 8.145960466854972326e-01 9.204314828906680068e-01 6.041985588793490070e-02 2.101340284198644603e+00 4.343756750556196922e-01 5.997775843188004607e-01 2.607267916360097026e-01
1.998158588861171092e-01 1.556770409653730702e+00 2.578321435124567573e-01 1.296986714635376847e+00 1.093383263923241699e+00 1.474119027792866465e-01 9.229377031012836463e-01 2.723280830172477435e-02 4.059516949485542049e-04 8.561195210592748017e-01
2.544983428579129736e+00 1.062824977014178024e-01 1.066830096053554167e+00 1.289080959542003413e+00 1.328789889036702254e+00 1.663870701152904807e+00 1.683276057097520539e-01 1.874370060100835289e+00 7.750843251607179019e-01 8.913822959829917902e-01
1.106973463819556525e+00 4.273307085365966596e-01 8.196589746242487207e-02 1.380254350864273061e+00 5.105724298549059181e-01 8.017586179832124627e-01 6.044165809462997280e-02 3.310943299337336221e+00 7.333171651058680851e-01 1.956924537864932256e+00
3.698526391095424248e+00 3.426647093775734287e+00 3.973069299396718712e-01 4.981391230246304813e-01 6.634169769432463060e-02 1.906895652611074521e+00 6.518488323959715780e-01 1.464438061106976718e+00 5.500845451685008047e-01 1.180707615635954610e+00
4.935996740140091710e-01 8.633433605426282798e-02 8.467866626113346173e-01 3.978608329833944746e-01 5.122232295292328264e-02 7.853409311802311832e-03 1.832769828730841821e+00 6.503157447693829196e-01 1.138557268511590337e+00 7.693057098545774686e-02
7.637501498564992775e-02 2.265631811936072437e-01 6.191867570050242353e-01 7.141688854502131756e-01 2.604890126051384591e+00 1.152055632343955471e+00 5.999414364459302318e-01 6.456363182420825630e-01 2.356631059129658645e+00 5.218517911698092870e-01
1.240686114688149821e+00 1.779797920140081535e-01 2.848012937774390352e+00 3.666396017892488146e-01 2.087013081809473647e+00 2.701328733965052686e-01 2.633047431566100549e+00 1.155842708808569652e+00 8.437060433945783866e-02 1.137101336125579065e+00
3.210969595943762855e-01 5.056299052855459664e-01 3.599810755079443370e-01 2.604156947666735333e-01 1.398425279974314095e-01 1.263421059410940517e+00 7.936146995455507502e-01 3.015271011365493692e+00 1.215236032312305703e+00 1.650198748772386370e+00
8.204423033022593126e-01 2.024696946787465368e-01 2.393161028975748561e+00 4.682891732948655239e-01 9.083351122853164927e-01 2.478976619035978476e-02 1.221472745511703317e-01 6.248415613234097332e-01 2.420409487552126204e-01 5.957230854722578295e-01
8.229994931120144797e-01 1.593012223097999502e+00 3.332849339315730464e-01 3.354919481942329362e+00 1.022489890062915074e-01 4.697933321531867490e-01 1.894246587981895935e-01 6.366310057274670031e-01 1.427304585990863295e+00 1.249766205249506434e+00
1.163730303484838302e+00 8.310488220038626528e-01 1.781258825348786268e-01 4.180914516605292341e+00 2.851743458332055781e+00 6.646974363169076971e-01 1.495275244456314434e+00 7.540833171413868774e-01 1.826171227268504227e+00 4.636572002238528722e-01
4.409808459072584341e+00 1.151018704086030908e+00 2.260733761223932436e+00 4.111768468174655133e+00 6.109362368091505457e-01 7.179464414649854298e-01 6.418967894059497692e-02 9.325534977866715147e-01 1.253427540199294477e+00 6.161507886863021310e-01
1.151823225824171321e-01 1.003506773391543483e+00 2.332506783896525770e-01 1.881942766884406204e+00 1.331609607219277347e+00 1.783057601677070503e-01 2.120222469354617001e+00 2.897491379858834967e-02 4.403354052734082535e-01 2.104796553092241673e+00
3.678473357959293200e-01 1.335255911884465352e+00 7.776363113719018116e-01 5.028840992166730972e-01 1.637663553730845711e+00 7.933252030594298287e-02 8.587532656474621273e-01 4.661504540231497518e-01 4.590122610876949394e-01 6.089750533578149883e-01
4.113666338179473025e-01 4.356176504731452681e+00 4.103270966001384856e+00 3.018893118125682395e+00 1.232232177553789360e-01 1.328350713766693003e+00 9.171165876831536279e-01 3.763718252261506692e+00 7.132123603006413903e-01 2.237710978033303988e+00
1.765470350353764095e+00 1.032678293518765056e+00 7.194232715527851263e-02 2.472205889543047652e-01 3.324683501597262003e-01 2.821968193679002535e-01 1.329186756882165144e+00 1.489796548193694115e+00 9.752987982157124147e-01 1.670763301270239642e+00
1.386916220257688126e+00 2.216869229065868141e-01 6.308829853386525854e-02 4.236959443257889424e-01 9.735000181686397358e-01 9.105181173490281554e-02 1.482352373752026942e-01 1.029235500550646776e-01 2.832752222274409704e+00 2.880885048440480212e-01
1.654779197993974993e+00 2.314578723321134124e+00 2.280007669093080835e+00 6.321168977598197458e-02 1.925918170215184855e+00 2.471270765219681476e+00 2.347817342838347254e-01 4.720761449958341821e-02 4.701002888762464971e-01 2.634137748468613704e+00
4.258954205955809563e-02 1.371728720414939096e+00 1.152253895544063322e+00 2.535766002351042658e+00 2.155951967632224520e+00 1.805222776639367144e+00 3.529492016363338647e-01 6.076422198975512945e-01 4.655427325298778785e-01 2.408559843455945870e+00
7.398034841378390292e-01 1.731293981011159833e+00 1.332693006267787750e-01 6.923476359474654007e-01 1.779346180671059208e-01 1.503120298679820888e+00 8.462638614200777842e-02 5.332129748127513169e-01 2.689925191198208498e+00 2.227053414821131838e-01
3.535769719069202233e-01 3.104729783968584456e-01 1.619259813433753914e+00 7.152996911949260905e+00 5.891229623206355875e-02 4.906198081138438027e+00 1.263311273207393892e+00 6.676433293054186147e-02 6.109902032227975122e-01 2.896615721625782069e-01
